"ID"	"Date"	"Time"	"Replicate"	"TowDuration"	"Depth"	"Polygon.Station"	"Survey"	"TideText"	"TideHeight"	"BegSurfTemp"	"BegSurfCond"	"BegSurfSalin"	"BegSurfDO%"	"BegSurfDO(mg/L)"	"BegBotTemp"	"BegBotCond"	"BegBotSalin"	"BegBotDO%"	"BegBotDO(mg/L)"	"EndSurfTemp"	"EndSurfCond"	"EndSurfSalin"	"EndSurfDO%"	"EndSurfDO(mg/L)"	"EndBotTemp"	"EndBotCond"	"EndBotSalin"	"EndBotDO%"	"EndBotDO(mg/L)"	"BegSecchi"	"EndSecchi"	"BegNTU"	"EndNTU"	"BegPH"	"EndPH"	"Comments"	"Method"	"ARRGOB"	"BATRAY"	"BAYPIP"	"CALHAL"	"CALTON"	"CHEGOB"	"JACKSM"	"LONMUD"	"LONSME"	"MISSIL"	"NO CATCH"	"NORANC"	"PACHER"	"PACSAN"	"PACSSC"	"PLAMID"	"PRISCU"	"RAIKIL"	"SACSUC"	"SHIGOB"	"SHIPER"	"SHOGOB"	"SPLITT"	"STAFLO"	"STRBAS"	"THRSHA"	"THRSTI"	"TOPSME"	"UNID LARVAL"	"WALSUR"	"WHICRO"	"YELGOB"
"1"	2	"1/3/2015 0:00:00"	"12/30/1899 9:11:00"	1	10	4.2	"NB-252"	"1"	""	""	7.4	5688	4.8	84.3	9.85	NA	NA	NA	NA	NA	NA	NA	NA	NA	NA	NA	NA	NA	NA	NA	21	NA	NA	NA	NA	NA	"10° angle on cable"	"SLS"	0	0	0	0	0	0	0	0	0	0	0	0	206	0	0	0	1	0	0	0	0	0	0	0	0	0	0	0	0	0	0	67
"2"	3	"1/3/2015 0:00:00"	"12/30/1899 11:33:00"	1	10	5.71	"NB-520"	"1"	""	""	6.8	1930	2	86.6	10.6	NA	NA	NA	NA	NA	NA	NA	NA	NA	NA	NA	NA	NA	NA	NA	22	NA	NA	NA	NA	NA	""	"SLS"	0	0	0	0	0	0	0	0	0	0	0	0	14	0	0	0	3	0	0	0	0	0	0	0	0	0	0	0	0	0	0	6
"3"	4	"1/3/2015 0:00:00"	"12/30/1899 12:14:00"	1	10	11.85	"NB-570"	"1"	""	""	7.1	5121	4.2	84	10.03	NA	NA	NA	NA	NA	NA	NA	NA	NA	NA	NA	NA	NA	NA	NA	NA	NA	NA	NA	NA	NA	""	"SLS"	0	0	0	0	0	0	0	0	0	0	0	0	49	0	0	0	4	0	0	0	0	0	0	0	0	0	0	0	9	0	0	4
"4"	10	"1/4/2015 0:00:00"	"12/30/1899 8:40:00"	1	10	50	"SB-400"	"1"	"Flooding"	""	16.7	4560	2.9	72.2	6.97	NA	NA	NA	NA	NA	19.2	2153	1.3	73.6	6.87	NA	NA	NA	NA	NA	77	NA	NA	NA	NA	NA	"1.5 mph target. Step oblique 2 min intervals. Treatment outflow confliceted with tide movement"	"SLS"	0	0	0	0	0	0	0	2	0	0	0	0	1	0	1	0	0	0	0	0	0	0	0	0	0	0	0	0	1	0	0	69
"5"	11	"1/4/2015 0:00:00"	"12/30/1899 9:09:00"	1	10	12	"SB-410"	"1"	"Flooding"	""	10.3	16761	14.1	84.77	8.81	NA	NA	NA	NA	NA	9.8	17874	15.3	73.3	7.67	NA	NA	NA	NA	NA	33	NA	NA	NA	NA	NA	"Step oblique 3 min intervals. 2 mph."	"SLS"	124	0	0	0	0	0	0	372	0	0	0	0	56	0	4	0	0	0	0	0	0	0	0	0	0	0	0	0	0	0	0	1232
"6"	12	"1/4/2015 0:00:00"	"12/30/1899 9:30:00"	1	10	7	"SB-140"	"1"	"Flooding"	""	8.9	19103	16.9	79.3	8.43	NA	NA	NA	NA	NA	8.9	20784	18.5	77.8	8.11	NA	NA	NA	NA	NA	NA	NA	NA	NA	NA	NA	"Step oblique 2 min intervals. 1.5 mph"	"SLS"	0	0	0	0	0	0	0	128	0	0	0	0	0	0	12	0	0	0	0	0	0	0	0	0	0	0	0	0	0	0	0	1104
"7"	13	"1/4/2015 0:00:00"	"12/30/1899 10:00:00"	1	10	11	"SB-130"	"1"	"Flooding"	""	9	19833	17.6	78.6	8.12	NA	NA	NA	NA	NA	8.9	NA	NA	NA	NA	NA	NA	NA	NA	NA	NA	NA	NA	NA	NA	NA	"1.5 mph"	"SLS"	0	0	0	0	0	0	0	32	0	0	0	0	7.99	0	0	0	0	0	0	0	0	0	0	0	0	0	0	0	0	0	0	527.63
"8"	14	"1/4/2015 0:00:00"	"12/30/1899 10:25:00"	1	5	7.75	"SB-720"	"1"	"Flooding"	""	9.3	19528	17.1	79	8.28	NA	NA	NA	NA	NA	9.1	20642	18.3	73.4	7.6	NA	NA	NA	NA	NA	20	NA	NA	NA	NA	NA	"Retained .5 of sample"	"SLS"	0	0	0	0	0	0	0	5	0	0	0	0	0	0	0	0	0	0	0	0	0	0	0	0	0	0	0	0	0	0	0	108
"9"	22	"1/4/2015 0:00:00"	"12/30/1899 13:35:00"	2	10	10.8	"SB-140"	"1"	"Ebbing"	""	9.4	23839	21.2	79.1	7.81	NA	NA	NA	NA	NA	NA	NA	NA	NA	NA	NA	NA	NA	NA	NA	NA	NA	NA	NA	NA	NA	"Step oblique at 2 min x2. 1.8 mph."	"SLS"	0	0	0	0	0	0	0	68	0	0	0	4	84	0	0	0	0	0	0	0	0	0	0	0	0	0	0	0	0	0	0	988
"10"	23	"1/4/2015 0:00:00"	"12/30/1899 13:55:00"	2	10	14	"SB-130"	"1"	""	""	10	22298	19.4	84.1	8.51	NA	NA	NA	NA	NA	NA	NA	NA	NA	NA	NA	NA	NA	NA	NA	NA	NA	NA	NA	NA	NA	"Tide moving too fast to keep sled down far enough-no step. 1.0 mph. Retained .5 of sample."	"SLS"	0	0	0	0	0	0	0	14	0	0	0	1	8	0	0	0	0	0	0	0	0	0	0	0	0	0	0	0	0	0	0	329
"11"	24	"1/4/2015 0:00:00"	"12/30/1899 14:20:00"	2	10	8	"SB-720"	"1"	"Ebbing"	""	10.5	21816	18.7	91.6	8.94	NA	NA	NA	NA	NA	10	22636	19.7	88.9	8.85	NA	NA	NA	NA	NA	NA	NA	NA	NA	NA	NA	"1.0 Mph. Stepped oblique.  Steps at 2:30, 4:40.  Retained .25 of sample."	"SLS"	0	0	0	0	0	0	0	4	0	0	0	0	0	0	0	0	0	0	0	0	0	0	0	0	0	0	0	0	0	0	0	108
"12"	25	"1/9/2015 0:00:00"	"12/30/1899 10:27:00"	1	10	10.4	"NB-720"	"1"	""	"2.82"	6.9	2748	1.7	93.6	8.86	NA	NA	NA	NA	NA	NA	NA	NA	NA	NA	NA	NA	NA	NA	NA	26	NA	NA	NA	NA	NA	"A lot of veg, decomposing organic material"	"SLS"	0	0	0	0	0	0	0	0	1	0	0	0	66	0	0	0	1	0	0	0	0	0	0	0	0	0	0	0	0	0	0	8
"13"	27	"1/9/2015 0:00:00"	"12/30/1899 12:07:00"	1	10	6.83	"NB-772"	"1"	"Flooding"	"3.46"	8.3	4281	2.6	91	8.5	NA	NA	NA	NA	NA	NA	NA	NA	NA	NA	NA	NA	NA	NA	NA	23	NA	NA	NA	NA	NA	""	"SLS"	0	0	0	0	0	0	0	0	0	0	0	0	29	0	0	0	0	0	0	0	0	0	0	0	0	0	0	0	0	0	0	11
"14"	29	"1/9/2015 0:00:00"	"12/30/1899 13:15:00"	1	10	11.1	"NB-800"	"1"	"Flooding"	"4.34"	8.28	7345	4.7	86	7.93	NA	NA	NA	NA	NA	NA	NA	NA	NA	NA	NA	NA	NA	NA	NA	18	NA	NA	NA	NA	NA	""	"SLS"	0	0	0	0	0	0	0	0	0	0	0	0	67	0	0	0	0	0	0	0	0	0	0	0	0	0	0	0	0	0	0	18
"15"	30	"1/9/2015 0:00:00"	"12/30/1899 14:19:00"	1	10	13.65	"NB-879"	"1"	"Flooding"	"5.09"	8.39	9808	6.4	92.4	8.38	NA	NA	NA	NA	NA	NA	NA	NA	NA	NA	NA	NA	NA	NA	NA	18	NA	NA	NA	NA	NA	""	"SLS"	0	0	0	0	0	0	0	0	0	0	0	0	97	0	0	0	0	0	0	0	0	1	0	0	0	0	0	0	0	0	0	31
"16"	31	"1/9/2015 0:00:00"	"12/30/1899 15:30:00"	1	10	10.7	"NB-770"	"1"	""	"5.72"	8.44	9902	6.5	93	8.34	NA	NA	NA	NA	NA	NA	NA	NA	NA	NA	NA	NA	NA	NA	NA	19	NA	NA	NA	NA	NA	""	"SLS"	0	0	0	0	0	0	0	1	0	0	0	0	28	0	0	0	0	0	0	0	0	0	0	0	0	0	0	0	0	0	0	25
"17"	32	"1/11/2015 0:00:00"	"12/30/1899 9:45:00"	1	10	5.05	"NB-212"	"1"	""	"2.76"	10	7776	6.2	74	8	NA	NA	NA	NA	NA	NA	NA	NA	NA	NA	NA	NA	NA	NA	NA	43	NA	NA	NA	NA	NA	"Edgerly Island station tide. 10:57 am, slack low +2.52"	"SLS"	0	0	0	0	0	0	0	0	0	0	0	0	165	0	0	0	6	0	0	0	0	0	0	0	0	0	0	0	0	0	0	36
"18"	33	"1/11/2015 0:00:00"	"12/30/1899 10:10:00"	1	10	15.8	"NB-220"	"1"	""	"2.62"	10.4	7924	6.3	79.8	8.6	NA	NA	NA	NA	NA	10.3	8580	6.8	81.5	8.8	NA	NA	NA	NA	NA	48	NA	NA	NA	NA	NA	"30° angle on cable"	"SLS"	0	0	0	0	0	0	0	1	4	0	0	1	306	0	0	0	5	0	0	0	0	0	0	0	0	0	0	0	0	0	0	64
"19"	34	"1/11/2015 0:00:00"	"12/30/1899 10:46:00"	1	10	7.1	"NB-271"	"1"	""	"2.53"	10.4	10341	8.3	74	7.9	NA	NA	NA	NA	NA	NA	NA	NA	NA	NA	NA	NA	NA	NA	NA	37	NA	NA	NA	NA	NA	"20° angle on cable"	"SLS"	0	0	0	0	0	0	0	1	0	0	0	0	125	0	0	0	2	0	0	0	0	0	0	0	0	0	0	0	0	0	0	66
"20"	35	"1/11/2015 0:00:00"	"12/30/1899 11:34:00"	1	10	16.3	"NB-283"	"1"	"Flooding"	"2.59"	10.7	10682	8.6	78	8.3	NA	NA	NA	NA	NA	10.6	10962	8.8	82	8.7	NA	NA	NA	NA	NA	35	NA	NA	NA	NA	NA	""	"SLS"	1	0	0	0	0	0	0	1	1	0	0	0	136	0	0	0	5	0	0	0	0	0	0	0	0	0	0	0	0	0	0	202
"21"	36	"1/11/2015 0:00:00"	"12/30/1899 12:02:00"	1	10	8.12	"NB-283"	"1"	"Flooding"	"2.71"	11.1	11135	8.8	70.7	7.39	NA	NA	NA	NA	NA	NA	NA	NA	NA	NA	NA	NA	NA	NA	NA	25	NA	NA	NA	NA	NA	""	"SLS"	0	0	0	0	0	0	0	0	0	0	0	0	63	0	0	0	1	0	0	0	0	0	0	0	0	0	0	0	0	0	0	15
"22"	37	"1/11/2015 0:00:00"	"12/30/1899 13:30:00"	1	10	19.3	"NB-120"	"1"	"Flooding"	"3.46"	10.5	1034	0.5	90.4	9.9	NA	NA	NA	NA	NA	NA	NA	NA	NA	NA	NA	NA	NA	NA	NA	80	NA	NA	NA	NA	NA	"Downstream of W. Imola Ave"	"SLS"	0	0	0	0	0	0	0	1	2	0	0	0	14	0	0	0	113	0	0	0	0	0	0	0	0	0	0	0	0	0	0	3
"23"	38	"1/22/2015 0:00:00"	"12/30/1899 8:52:00"	1	10	8.52	"NB-720"	"2"	""	""	10.9	3682	2.7	72.9	7.98	NA	NA	NA	NA	NA	NA	NA	NA	NA	NA	NA	NA	NA	NA	NA	29	NA	NA	NA	NA	NA	""	"SLS"	0	0	0	0	0	0	0	0	0	0	0	0	13	0	0	0	8	0	0	0	0	0	0	0	0	0	0	0	0	0	0	16
"24"	39	"1/22/2015 0:00:00"	"12/30/1899 10:25:00"	1	10	7.3	"NB-879"	"2"	""	""	10.9	1959	8.8	79	8.41	NA	NA	NA	NA	NA	NA	NA	NA	NA	NA	NA	NA	NA	NA	NA	26	NA	NA	NA	NA	NA	""	"SLS"	0	0	0	0	0	0	0	2	0	0	0	0	42	0	0	0	1	0	0	0	0	0	0	0	0	0	0	0	0	0	0	33
"25"	40	"1/22/2015 0:00:00"	"12/30/1899 11:17:00"	1	10	9	"NB-800"	"2"	""	""	12	9395	7.2	80.2	8.45	NA	NA	NA	NA	NA	NA	NA	NA	NA	NA	NA	NA	NA	NA	NA	22	NA	NA	NA	NA	NA	"Winch starting to go out"	"SLS"	0	0	0	0	0	0	0	0	4	0	0	0	506	0	0	0	0	0	0	0	0	0	0	0	0	0	0	0	0	0	0	30
"26"	41	"1/22/2015 0:00:00"	"12/30/1899 12:00:00"	1	10	14.8	"NB-750"	"2"	""	""	11.7	6925	5.2	70.9	7.54	NA	NA	NA	NA	NA	NA	NA	NA	NA	NA	NA	NA	NA	NA	NA	23	NA	NA	NA	NA	NA	""	"SLS"	0	0	0	0	0	0	0	1	2	0	0	0	336	0	0	0	2	0	0	0	0	0	0	0	0	0	0	0	0	0	0	46
"27"	42	"1/24/2015 0:00:00"	"12/30/1899 8:23:00"	1	10	5.86	"SB-500"	"2"	"Ebbing"	""	12.1	20398	16.6	105.7	10.35	NA	NA	NA	NA	NA	NA	NA	NA	NA	NA	NA	NA	NA	NA	NA	35	NA	NA	NA	NA	NA	"Sunny, warm.  Lots of shell debotage. Total volume of zoop = 1400ml.  700 went to formalyne.  Remainder was washed & preserved in 95% Etoh. Lots of sculpin larvae and at least 1 anchovie."	"SLS"	0	0	0	0	0	0	0	16	0	0	0	0	0	0	16	0	0	0	0	0	0	0	0	0	0	0	0	0	0	0	0	7408
"28"	43	"1/24/2015 0:00:00"	"12/30/1899 9:22:00"	1	10	7.53	"SB-540"	"2"	""	""	12.2	24087	19.9	74.3	7.06	NA	NA	NA	NA	NA	NA	NA	NA	NA	NA	NA	NA	NA	NA	NA	18	NA	NA	NA	NA	NA	""	"SLS"	0	0	0	0	0	0	0	8	0	0	0	0	8	0	12	0	0	0	0	0	0	0	0	0	0	0	0	0	0	0	0	768
"29"	46	"1/24/2015 0:00:00"	"12/30/1899 11:52:00"	1	10	6	"SB-150"	"2"	""	""	14.5	17558	13.2	96.2	9.14	NA	NA	NA	NA	NA	NA	NA	NA	NA	NA	NA	NA	NA	NA	NA	28	NA	NA	NA	NA	NA	"Saved NORANC"	"SLS"	0	0	0	0	0	0	0	88	0	0	0	12	8	0	8	0	8	0	0	0	0	0	0	0	0	0	0	0	0	0	0	932
"30"	53	"1/25/2015 0:00:00"	"12/30/1899 9:02:00"	1	10	7.55	"SB-400"	"2"	""	""	19.7	2673	2.4	54	4.85	NA	NA	NA	NA	NA	NA	2934	1.6	59.3	5.39	NA	NA	NA	NA	NA	110	NA	NA	NA	NA	NA	"Super sunny, warm day. No breeze. Wp 1- 2.4 ppt, Wp 9- 1.6 ppt"	"SLS"	32	0	0	0	0	0	0	16	0	0	0	0	0	0	16	0	28	0	0	0	0	0	0	0	0	0	0	0	0	0	0	1452
"31"	54	"1/25/2015 0:00:00"	"12/30/1899 9:33:00"	1	10	7.1	"SB-410"	"2"	"Ebbing"	""	18.1	9738	6.5	98	9.05	NA	NA	NA	NA	NA	NA	7643	4.9	103.2	9.69	NA	NA	NA	NA	NA	56	NA	NA	NA	NA	NA	"Zoop tow labelled ART-1-2 (4-6 ppt) but we are techincally @ART-2. Wp 7 ~4 ppt, Wp 8~6ppt.  Disected 2 AMSHAD, 2 THRSHA
all copepods, couple mysides in AMSHAD, no larval fish."	"SLS"	27	0	0	0	0	0	0	60	0	0	0	0	4	0	12	0	28	0	0	0	0	0	0	0	0	0	0	0	0	0	0	1797
"32"	55	"1/25/2015 0:00:00"	"12/30/1899 10:27:00"	1	10	6.4	"SB-420"	"2"	""	""	16.9	11278	7.7	75.8	7.1	NA	NA	NA	NA	NA	17.1	11234	7.7	NA	NA	NA	NA	NA	NA	NA	22	NA	NA	NA	NA	NA	"Just post of A19 outfall"	"SLS"	24	0	0	0	0	0	0	36	0	0	0	0	0	0	4	0	8	0	0	0	0	0	0	0	0	0	0	0	0	0	0	1268
"33"	58	"1/25/2015 0:00:00"	"12/30/1899 12:38:00"	1	10	4.13	"SB-120"	"2"	""	""	12.8	10972	8.3	75.2	7.55	NA	NA	NA	NA	NA	NA	NA	NA	NA	NA	NA	NA	NA	NA	NA	45	NA	NA	NA	NA	NA	""	"SLS"	0	0	0	0	0	0	0	10	0	0	0	0	1	0	1	0	21	0	0	0	0	0	0	0	0	0	0	0	0	0	0	240
"34"	61	"1/26/2015 0:00:00"	"12/30/1899 9:18:00"	1	10	8.15	"NB-570"	"2"	""	""	10.4	9919	8	71.5	7.61	NA	NA	NA	NA	NA	10.7	9482	7.5	NA	NA	NA	NA	NA	NA	NA	18	NA	NA	NA	NA	NA	""	"SLS"	0	0	0	0	0	0	0	0	0	0	0	0	536	0	0	0	304	0	0	0	0	0	0	0	0	0	0	0	0	0	0	200
"35"	62	"1/26/2015 0:00:00"	"12/30/1899 9:42:00"	1	10	7.5	"NB-540"	"2"	""	""	10.3	6551	5.1	66.6	7.24	NA	NA	NA	NA	NA	10.4	5767	4.4	NA	NA	NA	NA	NA	NA	NA	20	NA	NA	NA	NA	NA	""	"SLS"	0	0	0	0	0	0	0	0	0	0	0	0	42	0	0	0	444	0	0	0	0	0	0	0	0	0	0	0	0	0	0	52
"36"	63	"1/26/2015 0:00:00"	"12/30/1899 10:16:00"	1	10	7.33	"NB-289"	"2"	""	""	10.4	12163	9.9	65.7	6.88	NA	NA	NA	NA	NA	10.7	12660	10.3	NA	NA	NA	NA	NA	NA	NA	25	NA	NA	NA	NA	NA	""	"SLS"	0	0	0	0	0	0	0	4	0	0	0	0	1344	0	0	0	952	0	0	0	0	0	0	0	0	0	0	0	0	0	0	528
"37"	64	"1/26/2015 0:00:00"	"12/30/1899 10:32:00"	1	10	7.16	"NB-287"	"2"	""	""	10.8	12910	10.5	68.6	7.13	NA	NA	NA	NA	NA	NA	NA	NA	NA	NA	NA	NA	NA	NA	NA	32	NA	NA	NA	NA	NA	""	"SLS"	0	0	0	0	0	0	0	0	0	0	0	0	968	0	4	0	84	0	0	0	0	0	0	0	0	0	0	0	0	0	0	424
"38"	65	"1/26/2015 0:00:00"	"12/30/1899 10:55:00"	1	10	19.4	"NB-285"	"2"	""	""	11.1	17354	14.3	69.6	7.02	NA	NA	NA	NA	NA	NA	NA	NA	NA	NA	NA	NA	NA	NA	NA	25	NA	NA	NA	NA	NA	"Didn't move much. YSI 28. Bulepond outfall"	"SLS"	0	0	0	0	0	0	0	1	0	0	0	2	153	0	1	0	6	0	0	0	0	0	0	0	0	0	0	0	0	0	0	82
"39"	66	"1/26/2015 0:00:00"	"12/30/1899 11:40:00"	1	10	9	"NB-252"	"2"	""	""	11.3	16207	13.2	70.2	7.1	NA	NA	NA	NA	NA	NA	NA	NA	NA	NA	NA	NA	NA	NA	NA	35	NA	NA	NA	NA	NA	""	"SLS"	0	0	0	0	0	0	0	0	0	1	0	5	534	0	0	0	23	0	0	0	0	0	0	0	0	0	0	0	8	0	0	68
"40"	67	"1/26/2015 0:00:00"	"12/30/1899 11:59:00"	1	10	14.2	"NB-220"	"2"	""	""	11.8	12833	10.1	69.9	7.11	NA	NA	NA	NA	NA	NA	123477	9.8	NA	NA	NA	NA	NA	NA	NA	35	NA	NA	NA	NA	NA	"Preserved LONSME in Etoh"	"SLS"	0	0	0	0	0	0	0	0	0	0	0	1	839	0	0	0	30	0	0	0	0	0	0	0	0	0	0	0	0	0	0	47
"41"	68	"1/26/2015 0:00:00"	"12/30/1899 12:21:00"	1	10	3.8	"NB-212"	"2"	""	""	10.9	12513	10.1	70.7	7.33	NA	NA	NA	NA	NA	NA	NA	NA	NA	NA	NA	NA	NA	NA	NA	22	NA	NA	NA	NA	NA	"Sample had tons of sediment. Subsampling. 2 jars."	"SLS"	0	0	0	0	0	0	0	0	0	1	0	0	56	0	0	0	10	0	0	0	0	0	0	0	0	0	1	0	0	0	0	6
"42"	69	"2/4/2015 0:00:00"	"12/30/1899 8:06:00"	1	10	10.4	"NB-100"	"3"	""	""	12	2254	1.6	83.9	8.97	11.6	2823	2	76.1	8.12	12.2	3151	2.2	82.6	8.8	11.6	3302	2.4	72.5	7.8	70	NA	NA	NA	NA	NA	"Kennedy launch 6.1 ppt - 7:35 am. Waypoint 38 - 4.7 ppt. 6406 uS 12.3° 7:44 am. Across from marina housing units."	"SLS"	0	0	0	0	0	0	0	0	0	0	0	0	39	0	0	0	222	0	0	0	0	0	0	0	0	0	0	0	0	0	0	0
"43"	70	"2/4/2015 0:00:00"	"12/30/1899 9:04:00"	1	10	12.4	"NB-120"	"3"	""	""	12.3	5997	4.4	77.4	8.06	12.1	7254	5.4	72	7.5	12.6	6828	5.1	70.7	7.83	12.9	8439	6.3	70.3	7.68	65	NA	NA	NA	NA	NA	""	"SLS"	0	0	0	0	0	0	0	2	2	0	0	0	639	0	0	0	190	0	0	0	0	0	0	0	0	0	0	0	0	0	0	28
"44"	71	"2/4/2015 0:00:00"	"12/30/1899 9:43:00"	1	10	14.25	"NB-140"	"3"	""	""	12.9	8149	6	79	8.1	13.1	8728	6.5	74	7.5	13.5	9103	6.7	83.4	8.5	14.1	10175	7.4	74	7.3	60	NA	NA	NA	NA	NA	""	"SLS"	0	0	0	0	0	0	0	2	1	0	0	0	512	0	0	0	135	0	0	0	0	0	0	0	0	0	0	0	0	0	0	13
"45"	72	"2/4/2015 0:00:00"	"12/30/1899 10:30:00"	1	10	21	"NB-170"	"3"	""	""	13.8	12020	9	76	7.5	13.8	12210	9.1	76	7.2	13.8	12236	9.1	74	7.1	13.9	12713	9.5	73	7.4	48	NA	NA	NA	NA	NA	""	"SLS"	0	0	0	0	0	0	0	0	1	0	0	0	351	0	0	0	38	0	0	0	0	0	0	0	0	0	0	0	0	0	0	7
"46"	75	"2/4/2015 0:00:00"	"12/30/1899 12:58:00"	1	10	6.6	"NB-500"	"3"	""	""	13.6	7065	5.1	74	7.5	13.9	7192	5.1	67	6.7	13.7	7733	5.6	88	8.6	14	7940	5.7	NA	NA	25	NA	NA	NA	NA	NA	"*as far up Sonoma Creek as we can go"	"SLS"	0	0	0	0	0	0	0	0	0	0	0	0	720	0	0	0	4192	0	0	0	0	0	0	0	0	0	0	0	0	0	0	272
"47"	76	"2/4/2015 0:00:00"	"12/30/1899 13:58:00"	1	10	8.63	"NB-520"	"3"	""	""	14.3	9358	6.8	80	7.9	14.3	9637	7	67	6.6	14.1	9939	7.2	88	7.8	14.1	10366	7.5	79	7.2	30	NA	NA	NA	NA	NA	"End WQ"	"SLS"	0	0	0	0	0	0	0	0	1	0	0	0	56	0	0	0	107	0	0	0	0	0	0	0	0	0	0	0	10	0	0	101
"48"	77	"2/4/2015 0:00:00"	"12/30/1899 14:35:00"	1	10	12.35	"NB-530"	"3"	""	""	13.6	12372	9.3	76	7.6	13.5	12127	9.1	77	7.7	13.5	12127	9.1	76	7.7	13.6	12126	9.1	NA	NA	40	NA	NA	NA	NA	NA	""	"SLS"	0	0	0	0	0	0	0	0	0	0	0	0	76	0	0	0	124	0	0	0	0	0	0	0	0	0	0	0	0	0	0	153
"49"	78	"2/4/2015 0:00:00"	"12/30/1899 15:15:00"	1	10	13.9	"NB-560"	"3"	""	""	13.5	1245	9.4	77	7.5	13.7	NA	NA	NA	NA	13.5	12208	9.2	80	7.8	13.9	NA	9.2	NA	NA	30	NA	NA	NA	NA	NA	""	"SLS"	0	0	0	0	0	0	0	0	2	0	0	0	2876	0	0	0	144	0	0	0	0	0	0	0	0	0	0	0	0	0	0	168
"50"	79	"2/5/2015 0:00:00"	"12/30/1899 8:09:00"	1	10	7.8	"NB-700"	"3"	""	""	12.3	4499	3.2	82	8.6	12.4	5305	3.9	71	7.4	12.5	5197	3.8	81	8.5	12.4	5712	4.2	73	7.6	45	NA	NA	NA	NA	NA	""	"SLS"	0	0	0	0	0	0	0	0	2	0	0	0	127	0	0	0	78	0	0	0	0	0	0	0	0	0	0	0	0	0	0	0
"51"	80	"2/5/2015 0:00:00"	"12/30/1899 8:54:00"	1	10	12.2	"NB-720"	"3"	""	""	12.6	6255	4.6	79	8.2	12.5	6185	4.5	72	7.5	12.6	6412	4.7	79	8.3	12.3	6406	4.7	80	8.3	45	NA	NA	NA	NA	NA	""	"SLS"	0	0	0	0	0	0	0	0	0	0	0	0	285	0	0	0	9	0	0	0	0	0	0	0	0	0	0	0	0	0	0	5
"52"	81	"2/5/2015 0:00:00"	"12/30/1899 9:43:00"	1	10	14.75	"NB-760"	"3"	""	""	12.9	8235	6.1	82	8.3	12.9	8346	6.2	72	7.4	13.1	8716	6.5	84	8.4	13	8814	6.6	23	7.4	40	NA	NA	NA	NA	NA	""	"SLS"	0	0	0	0	0	0	0	0	1	0	0	0	127	0	0	0	4	0	0	0	0	0	0	0	0	0	0	0	0	0	0	7
"53"	82	"2/5/2015 0:00:00"	"12/30/1899 10:26:00"	1	10	18.8	"NB-780"	"3"	""	""	13.4	11192	8.4	76	7.6	13.6	11804	8.9	66	6.5	13.4	11700	8.8	79	7.8	13.5	12189	9.2	60	5.9	45	NA	NA	NA	NA	NA	""	"SLS"	0	0	0	0	0	0	0	0	0	0	0	0	329	0	0	0	3	0	0	0	0	0	0	0	0	0	0	0	0	0	1	25
"54"	85	"2/7/2015 0:00:00"	"12/30/1899 9:10:00"	1	10	5.2	"SB-400"	"3"	""	""	19.4	6437	4	63	5.7	18.1	12042	8	62	5.6	20.8	2311	1.3	64	5.7	19.1	2183	4.5	61	5.6	100	NA	NA	NA	NA	NA	""	"SLS"	0	0	0	0	0	0	0	128	0	0	0	0	0	0	0	0	0	0	0	0	0	0	0	0	0	0	0	0	0	0	0	33536
"55"	86	"2/7/2015 0:00:00"	"12/30/1899 10:00:00"	1	10	6.35	"SB-410"	"3"	""	""	19.1	7200	4.5	70	6.3	17.4	12014	8.1	64	6.3	18.5	9200	6	58	5.3	18.3	9422	6.2	59	5.4	45	NA	NA	NA	NA	NA	""	"SLS"	0	0	0	0	0	0	0	0	0	0	0	0	0	0	64	0	64	0	0	0	0	0	0	0	0	0	0	0	0	0	0	19488
"56"	87	"2/7/2015 0:00:00"	"12/30/1899 10:39:00"	1	10	9.8	"SB-420"	"3"	""	""	17.2	NA	3.6	50	4.8	17.5	10129	6.8	52	4.8	NA	NA	NA	54	5.9	17.3	11267	7.7	52	4.8	25	NA	NA	NA	NA	NA	"Influence of bay water"	"SLS"	0	0	0	0	0	0	0	56	0	0	0	0	0	0	0	0	31.97	0	0	0	0	0	0	0	0	0	0	0	15.98	0	0	2944
"57"	88	"2/7/2015 0:00:00"	"12/30/1899 11:17:00"	1	10	8.52	"SB-420"	"3"	""	""	16.8	7958	5.3	56	5.3	16.4	12112	8.4	46	4.2	16.8	8517	5.7	58	5.4	16.5	10345	7.1	49	4.6	30	NA	NA	NA	NA	NA	""	"SLS"	0	0	0	0	0	0	0	47.96	0	0	0	0	0	0	0	0	24	0	0	0	0	0	0	0	0	0	0	0	0	0	0	1544
"58"	89	"2/7/2015 0:00:00"	"12/30/1899 12:00:00"	1	10	10.3	"SB-100"	"3"	""	""	16.1	602	0.4	57	5.6	16.3	1159	0.7	59	5.3	16	4677	0.3	54	5.4	15.8	527	0.3	49	4.8	18	NA	NA	NA	NA	NA	"Traditional SBSP station codes may not be the exact same gps location as SLS-OT"	"SLS"	0	0	0	0	0	0	0	32	0	0	0	0	0	0	0	0	35	0	0	0	0	0	0	0	0	0	0	0	0	0	0	47
"59"	90	"2/7/2015 0:00:00"	"12/30/1899 12:29:00"	1	10	12.35	"SB-120"	"3"	""	""	16.6	1543	0.9	53	5.2	16.6	8943	6.1	49	4.6	16.6	10281	7	52	4.9	17.1	11637	7.9	51	4.7	25	NA	NA	NA	NA	NA	""	"SLS"	0	0	0	0	0	0	0	31.97	0	0	0	0	0	0	0	0	32	0	0	0	0	0	0	0	0	0	0	0	0	0	0	2198.49
"60"	94	"2/13/2015 0:00:00"	"12/30/1899 7:42:00"	1	10	14.15	"NB-720"	"4"	""	""	13.5	708	0.4	51	5.4	13	782	0.8	52	5.5	13.2	1266	0.8	54	5.7	13.1	1242	0.8	48.7	5.1	20	NA	NA	NA	NA	NA	"Clear skies"	"SLS"	28	0	0	0	0	0	0	0	1	0	0	0	3	0	0	0	0	0	0	0	0	0	0	0	0	0	2	0	0	0	0	108
"61"	95	"2/13/2015 0:00:00"	"12/30/1899 8:28:00"	1	10	14.2	"NB-730"	"4"	""	""	13.2	1734	1.2	47	55	13.3	4008	2.8	49	52	13.4	2162	1.5	54	57	13.7	5152	3.6	54	55	25	NA	NA	NA	NA	NA	""	"SLS"	0	0	0	0	0	0	0	0	2	0	0	0	63	0	0	0	31	0	0	0	0	0	0	0	0	0	1	0	0	0	0	395
"62"	96	"2/13/2015 0:00:00"	"12/30/1899 9:25:00"	1	10	12.8	"NB-780"	"4"	""	""	13.6	5514	3.9	58	5.9	13.4	5463	3.9	52	5.3	13.9	6090	4.5	50	5.04	14.3	9856	7.1	52	5.11	20	NA	NA	NA	NA	NA	""	"SLS"	0	0	0	0	0	0	0	0	0	0	0	0	732	0	0	0	8	0	0	0	0	0	0	0	0	0	0	0	0	0	0	216
"63"	97	"2/13/2015 0:00:00"	"12/30/1899 10:15:00"	1	10	11.1	"NB-850"	"4"	""	""	14.4	9599	6.8	57	5.6	14.5	1284	9.4	59	5.7	14.9	13094	9.5	59	5.6	15	12079	8.8	NA	NA	25	NA	NA	NA	NA	NA	""	"SLS"	0	0	0	0	0	0	0	0	0	0	0	0	2944	7.99	0	0	0	0	0	0	0	0	0	0	0	0	0	0	0	0	0	88
"64"	98	"2/13/2015 0:00:00"	"12/30/1899 11:14:00"	1	10	4.4	"NB-1001"	"4"	""	""	15.5	18334	13.5	62	5.7	NA	NA	NA	NA	NA	15.6	18302	13.5	68	6.1	NA	NA	NA	NA	NA	35	NA	NA	NA	NA	NA	""	"SLS"	0	0	0	0	0	0	3	2	0	0	0	0	2485	0	0	0	0	0	0	0	0	0	0	0	0	0	0	0	11	0	0	789
"65"	104	"2/14/2015 0:00:00"	"12/30/1899 7:45:00"	1	10	18.15	"NB-140"	"4"	"Flooding"	""	13.4	398.7	0.3	70.4	7.53	13.2	391	0.2	72.5	7.72	13.4	483	0.3	66.2	6.88	12.8	495	0.3	68.6	7.2	45	NA	NA	NA	NA	NA	""	"SLS"	673	0	0	0	0	0	0	0	0	0	0	0	4	0	0	0	0	0	0	0	0	0	0	0	0	0	0	0	0	0	0	16
"66"	105	"2/14/2015 0:00:00"	"12/30/1899 8:55:00"	1	10	13	"NB-201"	"4"	"Flooding"	""	13.9	3456	2.3	64	6.6	14.3	3984	2.7	64.2	6.56	14.6	3857	2.6	62.3	6.71	14.5	4310	2.9	61.7	6.24	40	NA	NA	NA	NA	NA	""	"SLS"	0	0	0	0	0	0	0	0	0	0	0	0	9568	0	0	0	128	0	0	0	0	0	0	0	0	0	0	0	0	0	0	256
"67"	106	"2/14/2015 0:00:00"	"12/30/1899 10:00:00"	1	10	19	"NB-200"	"4"	"Ebbing"	""	15.3	7127	4.9	57.2	5.57	14.8	9641	6.9	59.7	5.78	15.3	7096	4.9	60.4	5.93	15.2	10261	7.3	64.3	6.17	32	NA	NA	NA	NA	NA	""	"SLS"	11	0	0	0	0	0	0	0	0	0	0	0	4188	0	0	0	0	0	0	0	0	0	0	0	0	0	0	0	74	0	0	169
"68"	107	"2/14/2015 0:00:00"	"12/30/1899 11:01:00"	1	10	16	"NB-220"	"4"	""	""	17.8	9165	6	53.7	4.92	15.7	13707	9.7	64	5.99	16.1	10100	7	58.4	5.53	15.4	11575	8.2	66.4	6.32	45	NA	NA	NA	NA	NA	""	"SLS"	0	0	0	0	0	0	0	0	0	0	0	0	10144	0	0	0	0	0	0	0	0	0	0	0	0	0	0	0	0	0	0	128
"69"	110	"2/14/2015 0:00:00"	"12/30/1899 13:00:00"	1	10	15	"NB-281"	"4"	"Ebbing"	""	16.7	13150	9.2	61.5	5.61	18.4	13760	9.2	71.9	6.35	NA	NA	NA	NA	NA	NA	NA	NA	NA	NA	30	NA	NA	NA	NA	NA	"Pond 5 outfall current rinpin'. Didn't move at all"	"SLS"	0	0	0	0	0	0	0	0	0	0	0	0	2736	0	0	0	0	0	0	0	0	0	0	0	0	0	0	0	0	0	0	256
"70"	111	"2/14/2015 0:00:00"	"12/30/1899 13:20:00"	1	10	14	"NB-283"	"4"	"Ebbing"	""	16.5	11953	8.2	62.4	5.61	17.2	13145	9	59.6	5.44	16.2	11645	8.1	73.1	6.66	17.3	12640	8.7	64.7	5.83	20	NA	NA	NA	NA	NA	"Within 10' of Pond 7 water control pipes.  9.33 mg/L, 112.7 %Sat, 15747mS, 11.0 ppt, 17.1°C"	"SLS"	0	0	0	0	0	0	0	0	0	0	0	0	7840	0	0	0	0	0	0	0	0	0	0	0	0	0	0	0	0	0	0	928
"71"	112	"2/14/2015 0:00:00"	"12/30/1899 13:44:00"	1	10	9.4	"NB-285"	"4"	""	""	16.2	11645	8.1	62	5.6	17.3	17620	8.7	60	5.4	17.5	10375	6.9	60.9	5.8	18.3	11105	7.3	57.1	5.14	28	NA	NA	NA	NA	NA	""	"SLS"	0	0	0	0	0	0	0	0	0	0	0	0	8672	0	0	0	0	0	0	0	0	0	0	0	0	0	0	0	0	0	0	1152
"72"	115	"2/15/2015 0:00:00"	"12/30/1899 8:06:00"	1	10	7.75	"NB-500"	"4"	"Flooding"	""	14.3	3450	2.3	60.5	6.04	NA	NA	NA	NA	NA	14.6	2863	1.9	65.2	6.35	14.7	2893	1.9	59.8	5.91	22	NA	NA	NA	NA	NA	""	"SLS"	0	0	0	0	0	0	0	0	0	0	0	0	0	0	0	0	424	0	0	0	0	0	0	0	0	0	3	0	0	0	0	66
"73"	117	"2/15/2015 0:00:00"	"12/30/1899 9:30:00"	1	10	11.05	"NB-530"	"4"	""	""	15.3	4905	3.3	58.1	5.69	15	5162	3.5	64.6	6.29	15.6	4508	3	63	6.08	NA	NA	NA	NA	NA	26	NA	NA	NA	NA	NA	"Caught dead spawned out YELGOB"	"SLS"	0	0	0	0	0	0	0	0	0	0	0	0	1263	0	0	0	227	0	0	0	0	0	0	0	0	0	0	0	0	0	0	307
"74"	118	"2/15/2015 0:00:00"	"12/30/1899 10:35:00"	1	10	16.25	"NB-590"	"4"	""	""	16.1	7032	4.7	64.9	6.18	15.9	7797	5.3	68.9	6.57	16.3	6891	4.6	65.2	6.18	17.6	9122	6	71.4	6.48	40	NA	NA	NA	NA	NA	""	"SLS"	0	0	0	0	0	0	0	0	0	0	0	0	9184	0	0	0	0	0	0	0	0	0	0	0	0	0	0	0	0	0	0	448
"75"	119	"2/15/2015 0:00:00"	"12/30/1899 11:27:00"	1	10	11.8	"NB-630"	"4"	""	""	18.3	16505	11.3	69.3	6.1	16.9	17409	12.4	77.2	6.89	NA	NA	NA	NA	NA	NA	NA	NA	NA	NA	30	NA	NA	NA	NA	NA	"No 2nd waypoint (Didn't move). No upstream movement- no 2nd H20 qual measuremnt"	"SLS"	0	0	0	0	0	0	0	0	0	0	0	0	112128	0	0	0	0	0	0	0	0	0	0	0	0	0	0	0	0	0	0	256
"76"	120	"3/6/2015 0:00:00"	"12/30/1899 10:49:00"	1	10	4.9	"NB-772"	"5"	"Flooding"	""	14.5	7802	5.5	103	10.32	NA	NA	NA	NA	NA	14.8	9543	6.9	101.2	10.11	NA	NA	NA	NA	NA	31	NA	NA	NA	NA	NA	""	"SLS"	0	0	0	0	0	0	2	0	0	0	0	1	47	0	0	0	0	0	0	0	0	0	0	0	0	0	0	0	0	0	0	12
"77"	121	"3/6/2015 0:00:00"	"12/30/1899 13:52:00"	1	10	10	"NB-840"	"5"	""	""	15.3	18199	13.3	99.6	9.16	14.41	17935	13.6	102.1	9.8	15.6	17859	13.1	106.3	9.93	14.5	18292	13.9	107.4	10.2	41	NA	NA	NA	NA	NA	""	"SLS"	0	0	0	0	0	0	1	0	0	0	0	0	11	0	0	0	0	0	0	0	0	0	0	0	0	0	0	0	0	0	0	224
"78"	122	"3/6/2015 0:00:00"	"12/30/1899 13:13:00"	1	10	13.6	"NB-810"	"5"	""	""	15.1	15435	11.3	99.9	9.44	14.8	15661	11.8	101.9	9.65	15	14869	10.8	99.5	9.51	14.7	15575	11.6	101.8	9.75	26	NA	NA	NA	NA	NA	""	"SLS"	0	0	0	0	0	0	1	0	0	0	0	0	15	0	0	0	0	0	0	0	0	0	0	0	0	0	0	0	0	0	0	7
"79"	123	"3/6/2015 0:00:00"	"12/30/1899 12:28:00"	1	10	15	"NB-790"	"5"	""	""	14.9	13462	9.8	98.4	9.45	14.8	13747	10.1	98	9.64	14.9	12063	8.7	100.3	9.65	14.7	13359	9.8	103	10.07	31	NA	NA	NA	NA	NA	""	"SLS"	0	0	0	0	0	0	0	0	0	0	0	0	6	0	0	0	0	0	0	0	0	0	0	0	0	0	0	0	0	0	0	15
"80"	125	"3/5/2015 0:00:00"	"12/30/1899 13:44:00"	1	10	4.4	"NB-252"	"5"	""	""	16.4	12304	8.6	110	10.4	NA	NA	NA	NA	NA	15.1	14701	10.8	113	10.8	NA	NA	NA	NA	NA	40	NA	NA	NA	NA	NA	"Fagan Slough, Cable Angle 35 then 19"	"SLS"	0	0	0	0	0	0	0	1	0	0	0	0	128	0	0	0	14	0	0	0	0	0	0	0	0	0	0	0	0	0	0	13
"81"	126	"3/5/2015 0:00:00"	"12/30/1899 13:02:00"	1	10	17.7	"NB-210"	"5"	""	""	14.5	14235	10.6	105	10.2	14.6	14234	10.5	104	10.2	15	14823	10.9	108	10.3	14.9	14862	10.7	108	10.4	45	NA	NA	NA	NA	NA	""	"SLS"	0	0	0	0	0	0	0	4	0	0	0	0	137	0	0	0	3	0	0	0	0	0	0	0	0	0	0	0	0	0	0	19
"82"	127	"3/5/2015 0:00:00"	"12/30/1899 11:45:00"	1	10	18.7	"NB-190"	"5"	""	""	15	10742	7.7	104	10.1	14.7	11101	8	105	10.3	15.2	11562	8.3	105	10.5	14.7	11101	8	105	10.3	45	NA	NA	NA	NA	NA	"WP290"	"SLS"	0	0	0	0	0	0	0	7	2	0	0	0	108	0	0	0	18	0	0	0	0	0	0	0	0	0	0	0	0	0	0	22
"83"	128	"3/5/2015 0:00:00"	"12/30/1899 11:06:00"	1	10	16.75	"NB-180"	"5"	""	""	15.1	8015	5.6	103	10.1	14.9	9105	6.5	103	10.1	15.4	8913	6.2	106	10.3	15	9444	6.7	105	10.3	35	NA	NA	NA	NA	NA	""	"SLS"	0	0	0	0	0	0	0	1	0	0	0	0	22	0	0	0	11	0	0	0	0	0	0	0	0	0	0	0	0	0	0	48
"84"	129	"3/5/2015 0:00:00"	"12/30/1899 10:20:00"	1	10	14.5	"NB-150"	"5"	""	""	14.5	4939	3.4	106	10.7	14.4	5139	3.5	106	10.7	14.7	5178	3.5	106	10.7	14.7	5328	3.7	110	11.1	35	NA	NA	NA	NA	NA	""	"SLS"	0	0	0	0	0	0	0	5	1	0	0	0	180	0	0	0	41	0	0	0	0	0	0	0	0	0	0	0	0	0	0	22
"85"	130	"3/5/2015 0:00:00"	"12/30/1899 9:07:00"	1	10	14	"NB-140"	"5"	""	""	14	2629	1.8	109	11.3	14	2751	1.8	109	11.3	14.4	4025	2.7	116	11.9	14.5	4091	2.8	117	11.9	40	NA	NA	NA	NA	NA	""	"SLS"	0	0	0	0	0	0	0	6	0	0	0	0	284	0	0	0	125	0	0	0	0	0	0	0	0	0	0	0	0	0	0	15
"86"	131	"3/5/2015 0:00:00"	"12/30/1899 8:27:00"	1	10	12.5	"NB-120"	"5"	""	""	13.3	1368	0.9	107	11.3	13.8	2608	1.6	103	10.7	13.6	1836	1.3	107	11.2	14	2783	1.9	106	11	45	NA	NA	NA	NA	NA	""	"SLS"	0	0	0	0	0	0	0	5	2	0	0	0	189	0	0	0	176	0	0	0	0	0	0	0	0	0	0	0	0	0	0	39
"87"	132	"3/5/2015 0:00:00"	"12/30/1899 7:48:00"	1	10	18	"NB-110"	"5"	""	""	12.9	546	0.3	116	12.3	13	773	0.5	113	12.1	13.1	1077	0.7	111.4	11.2	NA	1396	0.9	109	11.5	80	NA	NA	NA	NA	NA	"split 110"	"SLS"	0	0	0	0	0	0	0	3	0	0	0	0	71	0	0	0	294	0	1	0	0	0	0	0	0	0	1	0	0	0	0	10
"88"	133	"3/4/2015 0:00:00"	"12/30/1899 13:28:00"	1	10	11	"NB-630"	"5"	""	""	13.1	18293	14.4	11.2	10.8	11.9	18789	15.3	11.3	11.2	13.1	19257	15.2	11.3	10.9	12.2	19130	15.5	11.3	11.1	40	NA	NA	NA	NA	NA	"OT in wrong direction"	"SLS"	0	0	0	0	0	0	5	0	0	0	0	0	30	0	0	0	0	0	0	0	0	0	0	0	0	0	0	0	0	0	0	32
"89"	134	"3/4/2015 0:00:00"	"12/30/1899 12:51:00"	1	10	13.5	"NB-610"	"5"	""	""	14	16086	12.2	100	9.7	13.2	16299	12.7	102	9.9	12.6	17672	14	107	10.5	NA	NA	NA	NA	NA	35	NA	NA	NA	NA	NA	""	"SLS"	2	0	0	0	0	0	3	0	0	0	0	0	56	0	0	0	3	0	0	0	0	0	0	0	0	0	0	0	0	0	0	630
"90"	135	"3/4/2015 0:00:00"	"12/30/1899 12:04:00"	1	10	14.6	"NB-600"	"5"	"Flooding"	""	14.4	10568	7.7	97.5	9.6	14.3	10834	7.9	98.3	9.7	14.6	12557	9	101	9.8	13.8	13190	9.9	104	10.2	22	NA	NA	NA	NA	NA	""	"SLS"	0	0	0	0	0	0	1	0	0	0	0	0	23	0	0	0	0	0	1	0	0	0	0	0	0	0	0	0	0	0	0	133
"91"	136	"3/4/2015 0:00:00"	"12/30/1899 11:30:00"	1	10	14.3	"NB-590"	"5"	"Flooding"	""	14.1	8625	6.2	98	9.7	14.5	8699	6.2	98	9.7	14.5	8939	6.4	98	9.7	14.2	8933	6.4	98	9.8	25	NA	NA	NA	NA	NA	""	"SLS"	1	0	0	0	0	0	2	3	0	0	0	0	332	0	0	0	169	0	0	0	0	0	0	0	0	0	0	0	0	0	0	951
"92"	137	"3/4/2015 0:00:00"	"12/30/1899 10:30:00"	1	10	6.6	"NB-570"	"5"	"Flooding"	""	14.1	9714	7.1	101	10.05	NA	NA	NA	NA	NA	14.2	9058	6.5	110.3	11	14.2	NA	6.5	108	10.7	20	NA	NA	NA	NA	NA	""	"SLS"	0	0	0	0	0	0	2	2	0	0	0	0	225	0	1	0	48	0	0	0	0	0	0	0	0	0	0	0	0	0	0	138
"93"	138	"3/4/2015 0:00:00"	"12/30/1899 9:50:00"	1	10	8.2	"NB-560"	"5"	"Flooding"	""	13.8	4801	3.3	94.5	9.7	NA	NA	NA	NA	NA	14	6588	4.7	96.6	9.8	NA	NA	NA	NA	NA	20	NA	NA	NA	NA	NA	""	"SLS"	0	0	0	0	0	0	1	1	0	0	0	0	114	0	0	0	212	0	0	0	0	0	0	0	0	0	0	0	0	0	0	92
"94"	139	"3/4/2015 0:00:00"	"12/30/1899 9:09:00"	1	10	6.8	"NB-530"	"5"	"Flooding"	""	13.2	5497	3.9	89.3	9.24	13.2	5499	3.9	90	9.31	13.6	4293	3.4	90.9	9.34	NA	NA	NA	NA	NA	20	NA	NA	NA	NA	NA	""	"SLS"	0	0	0	0	0	0	0	2	0	0	0	0	4	0	0	0	141	0	0	0	0	0	0	0	0	0	0	0	0	0	0	9
"95"	140	"3/4/2015 0:00:00"	"12/30/1899 8:25:00"	1	10	4.25	"NB-510"	"5"	"Flooding"	""	12	5818	4.2	96.5	10.09	NA	NA	NA	NA	NA	12.8	5573	4	91.1	9.49	NA	NA	NA	NA	NA	24	NA	NA	NA	NA	NA	""	"SLS"	0	0	0	0	0	0	0	0	0	0	0	0	59	0	2	0	1087	0	3	0	0	0	0	0	0	0	1	0	0	0	0	25
"96"	141	"3/6/2015 0:00:00"	"12/30/1899 7:48:00"	1	10	5.9	"NB-700"	"5"	""	""	13.5	3605	2.6	88.9	9.26	NA	NA	NA	NA	NA	13.4	3959	2.8	88.8	9.25	NA	NA	NA	NA	NA	30	NA	NA	NA	NA	NA	""	"SLS"	0	0	0	0	0	0	0	1	2	0	0	0	67	0	0	0	79	0	0	0	0	0	0	0	0	0	0	0	0	0	0	6
"97"	142	"3/6/2015 0:00:00"	"12/30/1899 9:50:00"	1	10	11.9	"NB-730"	"5"	""	""	13.9	5520	3.9	90	9.16	13.8	5633	4.1	91.5	9.33	14.1	6307	4.4	97.1	9.85	13.9	6348	4.5	97.1	9.95	36	NA	NA	NA	NA	NA	""	"SLS"	0	0	0	0	0	0	3	0	0	0	0	0	55	0	0	0	2	0	0	0	0	0	0	0	0	0	0	0	0	0	0	6
"98"	143	"3/6/2015 0:00:00"	"12/30/1899 8:34:00"	1	10	6.7	"NB-710"	"5"	""	""	13.4	4208	2.9	87.6	9.13	NA	NA	NA	NA	NA	13.1	4262	3	94.1	9.86	NA	NA	NA	NA	NA	36	NA	NA	NA	NA	NA	""	"SLS"	0	0	0	0	0	0	0	1	0	0	0	0	21	0	0	0	24	0	0	0	0	0	0	0	0	0	0	0	0	0	0	0
"99"	145	"3/7/2015 0:00:00"	"12/30/1899 10:05:00"	1	10	8	"SB-540"	"5"	"Flooding"	"3.3"	16.2	20480	15.6	113.1	10.2	15.5	23227	17.5	110.2	9.87	16.3	22091	16.3	106	9.41	16.1	23300	17.3	106.8	9.46	31	NA	NA	NA	NA	NA	""	"SLS"	12	0	0	0	0	0	2	14	0	0	0	4	0	0	0	0	0	0	0	0	0	0	0	0	0	0	0	0	0	0	0	46
"100"	146	"3/7/2015 0:00:00"	"12/30/1899 11:59:00"	1	10	16.7	"SB-150"	"5"	""	"5.84"	16.8	21060	15.3	126.8	11.22	16.6	4088	15.4	126.5	11.23	17	23510	17.1	117	10.21	16.6	22909	16.8	120.7	10.62	30	NA	NA	NA	NA	NA	"No 2nd water qual. No progress down the slough."	"SLS"	53	0	0	0	0	0	3	27	0	0	0	13	0	0	0	0	0	0	0	0	0	0	0	0	0	0	0	0	0	0	0	175
"101"	150	"3/7/2015 0:00:00"	"12/30/1899 12:40:00"	1	10	4	"SB-760"	"5"	""	"6.8"	17.1	20601	14.8	117.6	10.38	NA	NA	NA	NA	NA	16.6	25680	19	115.1	9.98	NA	NA	NA	NA	NA	20	NA	NA	NA	NA	NA	""	"SLS"	23	0	0	0	0	0	4	22	0	0	0	4	0	0	0	0	0	0	0	0	0	0	0	0	0	0	0	0	0	0	0	50
"102"	154	"3/8/2015 0:00:00"	"12/30/1899 9:05:00"	1	10	4	"SB-400"	"5"	""	"1.56"	20.6	4177	2.4	94.8	8.39	NA	NA	NA	NA	NA	21.3	3013	1.7	99.7	8.75	NA	NA	NA	NA	NA	70	NA	NA	NA	NA	NA	""	"SLS"	0	0	0	0	0	0	0	0	0	0	0	0	0	0	0	0	0	0	0	0	0	0	0	0	0	0	0	0	0	0	0	5
"103"	155	"3/8/2015 0:00:00"	"12/30/1899 9:51:00"	1	10	5.8	"SB-410"	"5"	""	"1.49"	19.9	9625	6.1	112.7	9.9	NA	NA	NA	NA	NA	20.3	7770	4.8	109.9	9.65	NA	NA	NA	NA	NA	49	NA	NA	NA	NA	NA	""	"SLS"	0	0	0	0	0	0	1	0	0	0	0	0	0	0	0	0	0	0	0	0	0	0	0	0	0	0	0	0	0	0	0	16
"104"	156	"3/8/2015 0:00:00"	"12/30/1899 10:38:00"	1	10	7	"SB-420"	"5"	""	"1.59"	19.3	9603	6.1	100	8.9	NA	NA	NA	NA	NA	19.6	9743	6.2	105.1	9.3	NA	NA	NA	NA	NA	36	NA	NA	NA	NA	NA	"<9' no bottom H20 qual. SLS-upstream w/current."	"SLS"	11	0	0	0	0	0	0	7	0	0	0	0	0	0	0	0	26	0	0	0	0	0	0	0	0	0	3	0	0	0	0	183
"105"	157	"3/8/2015 0:00:00"	"12/30/1899 11:26:00"	1	10	5.5	"SB-100"	"5"	""	"2.53"	15.8	7605	5.2	80.2	7.71	NA	NA	NA	NA	NA	16.2	8743	6	84.8	8.04	NA	NA	NA	NA	NA	30	NA	NA	NA	NA	NA	""	"SLS"	35	0	0	0	0	0	1	152	0	0	0	0	0	0	0	0	62	0	0	0	0	0	0	0	0	0	0	0	0	0	0	100
"106"	158	"3/8/2015 0:00:00"	"12/30/1899 12:25:00"	1	10	10	"SB-120"	"5"	""	"4.12"	17.9	12759	8.6	103.9	9.37	NA	NA	NA	NA	NA	18.1	12749	8.6	98.7	8.86	NA	NA	NA	NA	NA	30	NA	NA	NA	NA	NA	"Jim opted out on bottom H2O qual."	"SLS"	23	0	1	0	0	0	0	20	0	0	0	0	0	0	0	0	0	0	0	0	0	0	0	0	0	0	0	0	0	0	0	60
"107"	159	"3/8/2015 0:00:00"	"12/30/1899 13:15:00"	1	10	5.8	"SB-700"	"5"	""	"5.34"	18.3	14221	9.6	98.6	8.76	NA	NA	NA	NA	NA	18.1	15572	10.7	103.6	9.19	NA	NA	NA	NA	NA	32	NA	NA	NA	NA	NA	""	"SLS"	136	0	0	0	0	0	4	28	0	0	0	3	0	0	0	0	4	0	0	0	0	0	0	0	0	0	0	0	0	0	0	212
"108"	174	"3/7/2015 0:00:00"	"12/30/1899 8:43:00"	1	10	4.3	"SB-500"	"5"	"Ebbing"	"1.6"	15.8	18148	13.3	109.3	9.68	NA	NA	NA	NA	NA	16.1	17776	12.9	110.2	10.3	NA	NA	NA	NA	NA	34	NA	NA	NA	NA	NA	""	"SLS"	0	0	0	0	0	0	0	1	0	0	0	0	0	0	0	0	0	0	0	0	0	0	0	0	0	0	0	0	0	0	0	13
"109"	180	"3/6/2015 0:00:00"	"12/30/1899 12:05:00"	1	10	7.5	"NB-780"	"5"	""	""	14.9	10293	7.3	103.9	10.19	NA	NA	NA	NA	NA	14.8	12063	8.7	102.5	10	NA	NA	NA	NA	NA	25	NA	NA	NA	NA	NA	""	"SLS"	0	0	0	0	0	0	25	2	0	0	0	1	7	0	0	0	0	0	0	0	0	0	0	0	0	0	0	0	0	0	0	16
"110"	181	"2/21/2015 0:00:00"	"12/30/1899 10:15:00"	1	10	7.55	"SB-540"	"4"	""	"1.5"	16.7	17423	14	120	10.7	16.3	20787	15.2	109	9.8	16.5	23272	17.1	73	16.5	16.3	23524	17.4	44	16.5	30	NA	NA	NA	NA	NA	"Only 5 minutes spent on trawl-hit a snag."	"SLS"	0	0	0	0	0	0	0	0	0	0	0	0	0	0	0	0	0	0	0	0	0	0	0	0	0	0	0	0	0	0	0	15
"111"	182	"2/21/2015 0:00:00"	"12/30/1899 11:22:00"	1	10	15.5	"SB-210"	"4"	"Flooding"	"4.11"	16.1	27046	20.4	77	6.7	16	27319	20.7	77	6.8	16	27498	20.8	77	6.8	16	27889	21.2	79	6.9	18	NA	NA	NA	NA	NA	"SLS sample jar label Coy 4 got changed to Coy 5; trawled @ slow speed"	"SLS"	0	0	0	0	0	0	0	4	0	0	0	0	0	0	0	0	0	0	0	0	0	0	0	0	0	0	0	0	4	0	0	148
"112"	183	"2/21/2015 0:00:00"	"12/30/1899 12:20:00"	1	10	12.4	"SB-150"	"4"	"Flooding"	"6.07"	16.7	23085	16.9	83	7.3	16.9	22892	16.7	82	7.2	17.6	23745	17.1	73	6.3	17.5	23737	17.1	96	6.6	22	NA	NA	NA	NA	NA	""	"SLS"	0	0	0	0	0	0	0	64	0	0	0	4	28	0	0	0	0	0	0	0	0	0	0	0	0	0	0	0	0	0	0	1092
"113"	184	"2/21/2015 0:00:00"	"12/30/1899 13:11:00"	1	10	5.2	"SB-730"	"4"	"Flooding"	"7.49"	16.9	24169	17.7	82	7.2	NA	NA	NA	NA	NA	NA	NA	NA	NA	NA	NA	NA	NA	NA	NA	23	NA	NA	NA	NA	NA	"1.9 mph"	"SLS"	0	0	0	0	0	0	4	32	0	0	0	0	12	0	0	0	0	0	0	0	0	0	0	0	0	0	0	0	0	0	0	836
"114"	190	"2/21/2015 0:00:00"	"12/30/1899 15:48:00"	1	10	12.2	"SB-500"	"4"	""	""	18.1	24789	18.1	81	7	17	25141	18.4	78	6.7	NA	NA	NA	NA	NA	NA	NA	NA	NA	NA	30	NA	NA	NA	NA	NA	""	"SLS"	0	0	0	0	0	0	1	15	0	0	0	0	5	0	0	0	2	0	0	0	0	0	0	0	0	0	0	0	0	0	0	541
"115"	191	"2/22/2015 0:00:00"	"12/30/1899 9:00:00"	1	10	3.7	"SB-400"	"4"	""	"0.47"	19.3	9037	5.7	95.1	8.48	18.6	12535	8.3	96.1	8.57	21.2	2606	1.5	86.5	7.64	19.8	6149	3.8	82.5	7.38	70	NA	NA	NA	NA	NA	""	"SLS"	0	0	0	0	0	0	0	32	0	0	0	0	16	0	0	0	32	0	0	0	0	0	0	0	0	0	0	0	0	0	0	4672
"116"	192	"2/22/2015 0:00:00"	"12/30/1899 9:49:00"	1	10	4.45	"SB-410"	"4"	""	""	19.3	10870	7	99.5	8.8	NA	NA	NA	NA	NA	19.2	10573	6.8	92	8.2	NA	NA	NA	NA	NA	44	NA	NA	NA	NA	NA	"Water Quality taken in midwater"	"SLS"	0	0	0	0	0	0	0	176	0	0	0	0	0	0	0	0	80	0	0	0	0	0	0	0	0	0	0	0	0	0	0	6576
"117"	193	"2/22/2015 0:00:00"	"12/30/1899 10:40:00"	1	10	5.95	"SB-420"	"4"	"Flooding"	"1.27"	19.3	10647	6.9	97	8.6	NA	NA	NA	NA	NA	19.2	10670	8.3	91	8.1	NA	NA	NA	NA	NA	40	NA	NA	NA	NA	NA	""	"SLS"	0	0	0	0	0	0	0	64	0	0	0	0	0	0	0	0	224	0	0	0	0	0	0	0	0	0	0	0	0	0	0	14368
"118"	194	"2/22/2015 0:00:00"	"12/30/1899 11:35:00"	1	10	5.8	"SB-100"	"4"	"Flooding"	"2.5"	15.7	10419	7.3	67.4	6.4	NA	NA	NA	NA	NA	15.9	12221	8.6	64	6	NA	NA	NA	NA	NA	28	NA	NA	NA	NA	NA	""	"SLS"	0	0	0	0	0	0	0	255.82	0	0	0	0	8	0	0	0	127.91	0	0	0	0	0	0	0	0	0	0	0	0	0	0	559.61
"119"	197	"2/22/2015 0:00:00"	"12/30/1899 13:39:00"	1	10	5.95	"SB-720"	"4"	"Flooding"	"5.4"	17.1	18618	13.3	77	6.9	NA	NA	NA	NA	NA	16.8	20335	14.7	73	6.4	NA	NA	NA	NA	NA	20	NA	NA	NA	NA	NA	"Windy"	"SLS"	0	0	0	0	0	0	32	215.85	0	0	0	0	0	0	0	0	8	0	0	0	0	0	0	0	0	0	0	0	0	0	0	2816
"120"	200	"3/23/2015 0:00:00"	"12/30/1899 13:43:00"	1	10	7.5	"NB-250"	"6"	"Flooding"	""	18.1	15083	10.3	89.9	7.95	NA	NA	NA	NA	NA	18.2	16667	11.4	94.6	8.33	NA	NA	NA	NA	NA	32	NA	NA	NA	NA	NA	""	"SLS"	0	0	0	0	0	0	4	0	0	0	0	0	1	0	0	0	0	0	0	0	0	0	0	0	0	0	0	0	1	0	0	2
"121"	201	"3/23/2015 0:00:00"	"12/30/1899 12:57:00"	1	10	15	"NB-210"	"6"	"Flooding"	""	18.1	14043	9.5	87.5	7.76	17.8	14453	9.9	84.1	7.52	17.9	16697	11.5	92.2	8.18	17.8	16692	11.6	90	8.05	46	NA	NA	NA	NA	NA	""	"SLS"	0	0	0	0	0	0	0	0	0	0	0	0	1	0	0	0	0	0	0	0	0	0	0	0	0	0	0	0	0	0	0	4
"122"	202	"3/23/2015 0:00:00"	"12/30/1899 12:12:00"	1	10	9	"NB-190"	"6"	""	""	18.2	11859	7.9	86.3	7.76	NA	NA	NA	NA	NA	18.1	13385	9	91.3	8.16	17.8	14207	9.7	84.7	7.61	48	NA	NA	NA	NA	NA	""	"SLS"	0	0	0	0	0	0	1	0	0	0	0	0	1	0	0	0	0	0	0	0	0	0	0	0	0	0	0	0	0	0	0	0
"123"	203	"3/23/2015 0:00:00"	"12/30/1899 11:21:00"	1	10	10	"NB-180"	"6"	"Ebbing"	""	18.1	9796	6.5	90.2	8.3	17.8	11228	7.5	84.51	7.69	18.1	10991	7.3	90.9	8.16	17.9	11477	7.7	86.4	7.78	37	NA	NA	NA	NA	NA	"SLS: From time 5:30 - 6:30 pulled sled at surface at higher speed over pipe."	"SLS"	0	0	0	0	0	0	2	2	0	0	0	0	2	0	0	0	2	0	0	0	0	0	0	0	0	0	0	0	0	0	0	8
"124"	204	"3/23/2015 0:00:00"	"12/30/1899 10:22:00"	1	10	13	"NB-170"	"6"	"Ebbing"	""	17.9	7866	5.1	87.7	8.05	18.1	8612	5.6	85	7.76	18.1	8398	5.5	87	5.5	18.1	8531	5.6	85.5	5.6	38	NA	NA	NA	NA	NA	""	"SLS"	0	0	0	0	0	0	0	2	0	0	0	0	4	0	0	0	11	0	0	0	0	0	0	0	0	0	0	0	0	0	0	25
"125"	205	"3/23/2015 0:00:00"	"12/30/1899 9:33:00"	1	10	15	"NB-140"	"6"	"Flooding"	""	17.8	6792	4.4	90.9	8.35	18.2	8485	5.7	84.9	7.72	18	7846	5.1	91.7	8.36	18.1	8458	5.5	88.3	8.07	27	NA	NA	NA	NA	NA	""	"SLS"	0	0	0	0	0	0	0	0	0	0	0	0	4	0	0	0	5	0	0	0	0	0	0	0	0	0	0	0	0	0	0	9
"126"	206	"3/23/2015 0:00:00"	"12/30/1899 8:47:00"	1	10	12	"NB-120"	"6"	"Flooding"	""	17.6	4697	2.9	90	8.44	18.1	6801	4.3	88.1	8.07	17.7	5351	3.4	89	8.3	18.1	7383	4.7	87.6	8.02	29	NA	NA	NA	NA	NA	""	"SLS"	0	0	0	0	0	0	0	1	0	0	0	0	1	0	0	0	0	0	0	0	0	0	0	0	0	0	0	0	0	0	0	2
"127"	207	"3/23/2015 0:00:00"	"12/30/1899 7:59:00"	1	10	14	"NB-100"	"6"	"Flooding"	""	17.4	3556	2.2	98.4	9.38	NA	NA	NA	NA	NA	17.9	4339	2.7	93.5	8.81	18.2	7246	4.7	86.5	7.9	38	NA	NA	NA	NA	NA	""	"SLS"	0	0	0	0	0	0	0	4	0	0	0	0	0	0	0	0	36	0	0	0	0	0	0	0	0	0	0	0	0	0	0	5
"128"	208	"3/25/2015 0:00:00"	"12/30/1899 8:57:00"	1	10	7	"NB-520"	"6"	"Ebbing"	""	16	8210	5.6	70.8	6.72	NA	NA	NA	NA	NA	16	8109	5.5	63.5	6.01	NA	NA	NA	NA	NA	25	NA	NA	NA	NA	NA	"Lat/Lon 38 13.557', 122 25.215'"	"SLS"	1	0	0	0	0	0	1	1	0	0	0	0	0	0	0	0	0	0	0	0	0	0	0	0	0	0	1	0	0	0	0	25
"129"	209	"3/25/2015 0:00:00"	"12/30/1899 7:52:00"	1	10	NA	"NB-510"	"6"	"Ebbing"	""	16.3	8338	5.6	59.5	5.68	NA	NA	NA	NA	NA	16.1	8334	5.9	59.8	5.66	NA	NA	NA	NA	NA	16	NA	NA	NA	NA	NA	""	"SLS"	0	0	0	0	0	0	0	0	0	0	0	0	0	0	0	0	3	0	0	0	0	0	0	0	0	0	0	0	0	0	0	14
"130"	210	"3/25/2015 0:00:00"	"12/30/1899 9:54:00"	1	10	6.5	"NB-550"	"6"	"Ebbing"	""	16.7	11907	8.7	83.8	7.75	NA	NA	NA	NA	NA	16.7	8797	6	84.2	7.87	NA	NA	NA	NA	NA	33	NA	NA	NA	NA	NA	"38 12.656', 122 24.797' "	"SLS"	0	0	0	0	0	0	1	0	0	0	0	0	0	0	0	0	2	0	0	0	0	0	0	0	0	0	0	0	0	0	0	5
"131"	211	"3/25/2015 0:00:00"	"12/30/1899 10:52:00"	1	10	7.2	"NB-560"	"6"	"Ebbing"	""	16.9	12800	8.9	88.6	8.11	NA	NA	NA	NA	NA	16.9	11352	7.7	86.7	7.95	NA	NA	NA	NA	NA	37	NA	NA	NA	NA	NA	"Start: N38 12.301' , W122 24.098' ; End: N38 12.450' , W122 24.466'"	"SLS"	0	0	0	0	0	0	0	0	0	0	0	0	5	0	0	0	12	0	0	0	0	0	0	0	0	0	0	0	0	0	0	35
"132"	212	"3/24/2015 0:00:00"	"12/30/1899 7:55:00"	1	10	10	"NB-720"	"6"	""	""	17.9	9141	6	76.8	7.04	17.9	9335	6.1	78.2	7.14	17.7	9364	6.2	78.8	7.22	NA	NA	NA	NA	NA	44	NA	NA	NA	NA	NA	""	"SLS"	0	0	0	0	0	0	0	0	0	0	0	0	1	0	0	0	5	0	0	0	0	0	0	0	0	0	0	0	0	0	0	73
"133"	213	"3/24/2015 0:00:00"	"12/30/1899 10:25:00"	1	10	9.5	"NB-750"	"6"	""	""	16.8	12477	8.6	78	7.14	NA	NA	NA	NA	NA	17	11779	8.1	79.7	7.31	NA	NA	NA	NA	NA	43	NA	NA	NA	NA	NA	""	"SLS"	0	0	0	0	0	0	0	0	0	0	0	0	1	0	0	0	0	0	0	0	0	0	0	0	0	0	0	0	0	0	0	8
"134"	214	"3/24/2015 0:00:00"	"12/30/1899 9:48:00"	1	10	NA	"NB-740"	"6"	"Ebbing"	""	16.9	12152	8.4	77.2	7.01	16.8	12166	8.4	74.1	6.85	16.9	11954	82	76.7	7.06	NA	NA	NA	NA	NA	38	NA	NA	NA	NA	NA	""	"SLS"	0	0	0	0	0	0	0	0	0	0	0	0	2	0	0	0	0	0	0	0	0	0	0	0	0	0	0	0	0	0	0	5
"135"	216	"3/21/2015 0:00:00"	"12/30/1899 12:15:00"	1	10	13.7	"SB-150"	"6"	"Flooding"	"5.86"	18.3	24400	17.3	74	6.3	18.3	24352	17.3	76	6.4	18.4	25797	18.3	77	6.4	18.3	25825	18.4	78	6.5	25	NA	NA	NA	NA	NA	""	"SLS"	13	0	0	0	0	0	5	14	0	0	0	3	0	0	0	0	1	0	0	0	0	0	0	0	0	0	0	0	0	0	0	227
"136"	217	"3/21/2015 0:00:00"	"12/30/1899 13:01:00"	1	10	3	"SB-760"	"6"	"Flooding"	"7.25"	18.8	24600	17.2	75	6.3	NA	NA	NA	NA	NA	18.5	26889	19.1	78	6.5	NA	NA	NA	NA	NA	25	NA	NA	NA	NA	NA	""	"SLS"	9	0	0	0	0	0	10	72	0	0	0	6	1	0	0	0	0	0	0	0	0	0	0	0	0	0	0	0	0	0	0	212
"137"	218	"3/21/2015 0:00:00"	"12/30/1899 15:24:00"	1	10	13.8	"SB-500"	"6"	""	"8.32"	18.9	24850	17.4	80	7.04	NA	NA	NA	NA	NA	18.8	25757	18.1	79	6.6	NA	NA	NA	NA	NA	35	NA	NA	NA	NA	NA	""	"SLS"	6	0	1	0	0	0	1	23	0	0	0	0	0	0	0	0	0	0	0	0	0	0	0	0	0	0	0	0	0	0	0	148
"138"	219	"3/22/2015 0:00:00"	"12/30/1899 13:45:00"	1	10	5.5	"SB-700"	"6"	"Flooding"	"5.88"	18.8	20821	14.3	69	5.9	NA	NA	NA	NA	NA	NA	NA	NA	NA	NA	NA	NA	NA	NA	NA	20	NA	NA	NA	NA	NA	""	"SLS"	12	0	0	0	0	0	1	5	0	0	0	0	0	0	0	0	0	0	0	0	0	0	0	0	0	0	0	0	0	0	0	180
"139"	220	"3/22/2015 0:00:00"	"12/30/1899 12:23:00"	1	10	9.8	"SB-120"	"6"	"Flooding"	"3.3"	18.4	17865	12.3	51	4.4	NA	NA	NA	NA	NA	18.4	18104	12.6	52	4.5	NA	NA	NA	NA	NA	32	NA	NA	NA	NA	NA	""	"SLS"	0	0	1	0	0	0	3	11	0	0	0	1	0	0	0	0	0	0	0	0	0	0	0	0	0	0	1	1	0	0	0	445
"140"	221	"3/22/2015 0:00:00"	"12/30/1899 11:28:00"	1	10	5.6	"SB-100"	"6"	"Flooding"	"1.68"	17.8	11348	7.6	57	5.2	NA	NA	NA	NA	NA	18.1	14130	9.6	52	4.6	NA	NA	NA	NA	NA	25	NA	NA	NA	NA	NA	""	"SLS"	0	0	3	0	0	0	35	46	0	0	0	0	1	0	0	0	0	0	0	0	0	0	0	0	0	0	0	0	0	0	0	253
"141"	222	"3/22/2015 0:00:00"	"12/30/1899 10:30:00"	1	10	4.8	"SB-420"	"6"	""	"-0.07"	20.5	11330	7.1	95	8.2	NA	NA	NA	NA	NA	20.6	11292	7.1	94	8.2	NA	NA	NA	NA	NA	20	NA	NA	NA	NA	NA	""	"SLS"	3	0	1	0	0	0	0	13	0	0	0	0	0	0	0	0	0	0	0	0	0	0	0	0	0	0	0	0	0	0	0	158
"142"	224	"3/22/2015 0:00:00"	"12/30/1899 8:53:00"	1	10	4.6	"SB-400"	"6"	"Ebbing"	"1.35"	20.9	9343	5.7	96	8.3	NA	NA	NA	NA	NA	22.2	2463	1.3	92	7.9	NA	NA	NA	NA	NA	50	NA	NA	NA	NA	NA	"Foggy/cloudy day sun never really came out."	"SLS"	1	0	0	0	0	0	2	3	0	11	0	0	0	0	0	0	0	0	0	0	0	0	0	0	0	0	0	0	0	0	0	35
"143"	230	"3/24/2015 0:00:00"	"12/30/1899 8:36:00"	1	10	10	"NB-730"	"6"	""	""	17.7	9364	6.1	78.8	7.22	NA	NA	NA	NA	NA	17.6	9470	6.3	81	7.31	NA	NA	NA	NA	NA	48	NA	NA	NA	NA	NA	""	"SLS"	0	0	0	0	0	0	0	0	0	0	0	0	0	0	0	0	0	0	0	0	0	0	0	0	0	0	0	0	0	0	0	3
"144"	1005	"12/10/2015 0:00:00"	"12/30/1899 9:09:00"	1	10	9.5	"Unknown"	"1"	"Flooding"	""	NA	NA	NA	NA	NA	NA	NA	NA	NA	NA	NA	NA	NA	NA	NA	NA	NA	NA	NA	NA	40	NA	57.7	NA	NA	NA	"Location unknown.  Labeled as NB-SON3"	"Mysid"	0	0	0	0	0	1	0	0	0	0	0	0	1	0	0	0	0	0	0	0	0	0	0	0	0	0	0	0	0	0	0	0
"145"	1009	"12/16/2015 0:00:00"	"12/30/1899 9:07:00"	1	10	11.3	"NB-140"	"1"	"Ebbing"	""	8.63	25308	15	91.3	9.64	8.74	25354	17	103.8	10.94	8.81	26013	NA	83.3	8.73	8.81	26069	NA	88.2	9.25	118	NA	5.14	NA	NA	NA	"Boat: Triakis.  Sonde profile: Tow start- bottom 8:57:30 - top 8:58:30/Tow End- Bottom: 9:27:26 - top 9:28:45.  Line on winch all out."	"SLS"	0	0	0	0	0	0	0	0	0	0	0	0	4	0	0	0	0	0	0	0	0	0	0	0	0	0	0	0	0	0	0	4
"146"	1010	"12/16/2015 0:00:00"	"12/30/1899 9:56:00"	1	10	15.75	"NB-160"	"1"	"Ebbing"	""	8.36	26776	NA	83.2	8.78	8.49	27401	NA	92.5	9.71	8.44	26296	NA	86.1	9.1	8.53	27409	NA	101.4	10.64	124	NA	4.41	NA	NA	NA	"Boat Triakis.  Water Sonde:  Start- 14.5 feet deep.  Bottom:  9:40:10.  Top:  9:41:25.  End- Bottom: 9:59:15. Top 10:00:25."	"SLS"	0	0	0	0	0	0	0	0	0	0	0	0	7	0	0	0	0	0	0	0	0	0	0	0	0	0	0	0	0	0	0	0
"147"	1011	"12/16/2015 0:00:00"	"12/30/1899 12:40:00"	1	10	8.35	"NB-710"	"1"	"Low"	""	8.11	32608	21	74.6	7.72	8.08	33342	22	88.4	9.13	8.09	33440	NA	76.3	7.88	8.29	33257	NA	96.1	9.88	69	NA	8.52	NA	NA	NA	"Boat Triakis.  Water Sonde: file: PETSLS.  8.5 ft deep.  Start: bottom: 12:35:20 - top: 12:36:03.  End: bottom: 12:52:45 - top: 12:53:30.  20.8 ppt top.  22.2 ppt bottom."	"SLS"	0	0	0	0	0	0	0	0	0	0	0	0	6	0	0	0	0	0	0	0	0	0	0	0	0	0	0	0	0	0	0	0
"148"	1012	"12/16/2015 0:00:00"	"12/30/1899 13:05:00"	1	10	8.85	"NB-720"	"1"	"Low"	""	8.01	33783	22	71.1	7.34	7.97	33961	22	92.6	9.57	8	34066	NA	76.9	7.93	7.95	34127	NA	90.5	9.34	61	NA	14.4	NA	NA	NA	"Boat Triakis.  Water sonde: start- bottom: 13:01:30 - top: 13:02:30.  End- bottom: 13:18:45 - top: 13:19:30."	"SLS"	0	0	0	0	0	0	0	0	0	0	0	0	0	0	0	0	0	0	0	0	0	0	0	0	0	0	0	0	0	0	0	0
"149"	1013	"12/12/2015 0:00:00"	"12/30/1899 8:32:00"	1	10	NA	"SB-ALV1"	"1"	"Low"	""	12.8	20429	16.3	72.6	7.07	NA	NA	NA	NA	NA	NA	NA	NA	NA	NA	NA	NA	NA	NA	NA	64	NA	37.9	NA	NA	NA	"Tide height: +4.446. WQ w/ YSI"	"Mysid"	0	0	0	0	0	0	0	6	0	0	0	0	0	0	0	0	0	0	0	0	0	0	0	0	0	0	0	0	0	0	0	152
"150"	1014	"12/12/2015 0:00:00"	"12/30/1899 11:10:00"	1	10	14.8	"SB-ALV3"	"1"	"Flooding"	"+8.912"	12.9	30745	25.5	7.69	89.5	NA	NA	NA	NA	NA	NA	NA	NA	NA	NA	NA	NA	NA	NA	NA	25	NA	54.9	NA	NA	NA	"WQ w/YSI. Tide height: +8.912"	"Mysid"	0	0	0	0	0	0	0	2	0	0	0	13	0	0	0	0	0	0	0	0	0	0	0	0	0	0	0	0	0	0	0	9
"151"	1015	"12/12/2015 0:00:00"	"12/30/1899 13:58:00"	1	10	NA	"SB-A21.1"	"1"	"Ebbing"	""	14.2	26092	20.6	82	7.5	NA	NA	NA	NA	NA	NA	NA	NA	NA	NA	NA	NA	NA	NA	NA	NA	NA	NA	NA	NA	NA	"Tide height +8.822.  2nd label in jar says A21-2 (disregard)"	"Mysid"	0	0	0	0	0	0	0	0	0	0	0	0	0	0	0	0	0	0	0	15	0	1	0	0	0	0	0	0	0	0	0	1
"152"	1016	"12/13/2015 0:00:00"	"12/30/1899 9:30:00"	1	10	NA	"SB-ART2"	"1"	"Low"	""	16.5	12145	8.4	68.5	6.45	NA	NA	NA	NA	NA	NA	NA	NA	NA	NA	NA	NA	NA	NA	NA	40	NA	23.9	NA	NA	NA	"Tide height +4.652"	"Mysid"	0	0	0	0	0	0	0	17	0	0	0	0	0	0	0	0	0	0	0	0	0	0	0	0	0	0	0	0	0	0	0	13
"153"	1017	"12/13/2015 0:00:00"	"12/30/1899 10:15:00"	1	10	NA	"SB-A19.1"	"1"	"Flooding"	""	13.5	18753	14.6	67.3	6.45	NA	NA	NA	NA	NA	NA	NA	NA	NA	NA	NA	NA	NA	NA	NA	27	NA	NA	48.8	NA	NA	""	"Mysid"	0	0	0	0	0	0	0	15	0	0	0	15	0	0	0	0	0	0	0	0	0	0	0	0	0	0	0	0	0	0	0	26
"154"	1019	"1/4/2016 0:00:00"	"12/30/1899 9:32:00"	1	10	6.5	"NB-520"	"2"	"Ebbing"	""	5.52	22140	13.18	91	10.5	5.64	22821	13.63	93.2	10.69	5.28	23072	13.77	84.4	9.76	5.26	23420	14	90.4	10.44	36	42	34.7	31.2	7.83	7.86	"Water sample: TE 16-02"	"SLS"	0	0	0	0	0	0	0	0	0	0	0	0	623	0	0	0	0	0	0	0	0	0	0	0	0	0	0	0	0	0	0	45
"155"	1020	"1/4/2016 0:00:00"	"12/30/1899 10:09:00"	1	10	10.3	"NB-540"	"2"	"Ebbing"	""	5.2	24082	14.43	87.5	10.1	5.23	24063	14.41	90.2	10.41	5.18	24350	14.6	88.5	10.21	5.22	24363	14.61	92	10.6	31	34	28.9	37.5	7.79	7.79	"TE-03"	"SLS"	0	0	0	0	0	0	0	0	0	0	0	0	352	0	0	0	0	0	0	0	0	0	0	0	0	0	0	0	0	0	0	7
"156"	1021	"1/4/2016 0:00:00"	"12/30/1899 12:28:00"	1	10	10.2	"NB-710"	"2"	"Ebbing"	""	5.88	17736	10.38	79.3	9.25	5.95	19710	11.64	80.3	9.27	6.07	18805	11.07	83.8	9.68	5.67	20170	11.92	87.9	10.2	55	NA	12.2	13.5	7.86	7.89	"TE-16-04.  Sonde #1.  Speed~1.36. YSI reads 9.5ppt"	"SLS"	0	0	0	0	0	0	0	0	0	0	0	0	2	0	0	0	0	0	0	0	0	0	0	0	0	0	0	0	0	0	0	0
"157"	1022	"1/4/2016 0:00:00"	"12/30/1899 13:00:00"	1	10	10.7	"NB-730"	"2"	"Ebbing"	""	6.04	19546	11.54	78.9	9.09	5.66	20835	12.35	87	10.06	NA	NA	NA	NA	NA	NA	NA	NA	NA	NA	55	52	13.6	16.5	7.87	7.85	"YSI: 10.7ppt"	"SLS"	0	0	0	0	0	0	0	0	0	0	0	0	105	0	0	0	0	0	0	0	0	0	0	0	0	0	0	0	0	0	0	0
"158"	1023	"1/5/2016 0:00:00"	"12/30/1899 8:45:00"	1	10	9.35	"NB-110"	"2"	"Flooding"	""	6.83	2509	1.3	85.1	10.29	6.91	5153	2.77	89.3	10.66	8.67	1349	0.68	95	11.02	7.24	3517	1.85	95	11.33	75	58	13.4	17	8.13	7.94	"TE-16-06 Beginning and End"	"SLS"	0	0	0	0	0	0	0	0	0	0	0	0	142	0	0	0	1	0	0	0	0	0	0	0	0	0	0	0	0	0	0	279
"159"	1024	"1/5/2016 0:00:00"	"12/30/1899 9:30:00"	1	10	8.21	"NB-120"	"2"	"Flooding"	""	7.29	2504	1.29	79.8	9.54	6.91	9759	5.48	89	10.45	7.28	3852	2.04	79.5	9.46	6.87	15195	8.81	89	10.23	38	34	40	50.8	7.59	7.65	"TE-16-09 and TE-16-10"	"SLS"	0	0	0	0	0	0	0	0	0	0	0	0	320	0	0	0	0	0	0	0	0	0	0	0	0	0	0	0	0	0	0	119
"160"	1025	"1/5/2016 0:00:00"	"12/30/1899 9:49:00"	2	10	9.4	"NB-120"	"2"	"Low"	""	7.28	3852	2.04	79.5	9.46	6.87	15195	8.81	89	10.23	7.19	5218	2.81	79.3	9.41	6.83	10478	5.91	87.7	10.28	34	40	50.8	21.7	7.59	7.66	"TE-16-11 (End)"	"SLS"	0	0	0	0	0	0	0	1	0	0	0	0	342	0	0	0	0	0	0	0	0	0	0	0	0	0	0	0	0	0	0	239
"161"	1026	"1/5/2016 0:00:00"	"12/30/1899 10:09:00"	2	10	9.15	"NB-110"	"2"	"Ebbing"	""	7.04	3588	1.89	82.4	9.87	6.85	9190	5.13	88	10.36	7.19	1373	0.69	84.6	10.18	7.09	6913	3.79	89.9	10.62	72	57	12.9	17.6	7.77	7.79	"TE 16-07 Start
TE 16-08 End"	"SLS"	0	0	0	0	0	0	0	0	0	0	0	0	454	0	0	0	0	0	0	0	0	0	0	0	0	0	0	0	0	0	0	213
"162"	1027	"1/5/2016 0:00:00"	"12/30/1899 10:36:00"	3	10	10.5	"NB-110"	"2"	"Ebbing"	""	6.96	5567	3.01	83.6	9.96	6.96	9201	5.14	92.5	10.86	6.85	2821	1.47	85.1	10.27	6.84	7240	3.98	88	10.45	67	56	12.1	17.8	7.72	7.78	""	"SLS"	0	0	0	0	0	0	0	2	0	0	0	0	278	0	0	0	0	0	0	0	0	0	0	0	0	0	0	0	0	0	0	208
"163"	1028	"1/5/2016 0:00:00"	"12/30/1899 11:05:00"	3	10	10	"NB-120"	"2"	"Ebbing"	""	7.59	5526	2.99	77.2	9.05	6.83	15779	9.18	87.7	10.06	7.23	5652	3.06	79.3	9.38	6.92	13561	7.8	89.6	10.35	37	54	43.1	12.8	7.52	7.64	"TE 16-12 Start
TE 16-13 End"	"SLS"	0	0	0	0	0	0	0	0	0	0	0	0	287	0	0	0	1	0	0	0	0	0	0	0	0	0	0	0	0	0	0	143
"164"	1029	"1/5/2016 0:00:00"	"12/30/1899 11:45:00"	1	10	22	"NB-160"	"2"	"Ebbing"	""	9.8	4538	3.5	87.4	9.58	8.6	11625	10	41.2	3.78	9.6	3494	2.7	84.8	9.28	8.5	11276	9.6	78.2	8.5	71	43	13.9	28.7	7.52	7.71	"Water quality data from YSI.  Sonde ran out of data space.  TE-16-16 Start.  TE 16-17."	"SLS"	0	0	0	0	0	0	0	0	0	0	0	0	899	0	0	0	0	0	0	0	0	0	0	0	0	0	0	0	0	0	0	239
"165"	1030	"1/5/2016 0:00:00"	"12/30/1899 12:15:00"	1	10	16.2	"NB-150"	"2"	"Ebbing"	""	10.2	1468	1.1	83.4	9.18	8.4	11177	9.6	77	8.14	10	2093	1.5	8.1	9.72	8.3	10974	9.4	55.2	7.52	40	32	44.2	46	7.8	NA	"Sonde ran out of space.  WQ from YSI.  Water grabs: Beg- TE 16-14/End- TE 16-15"	"SLS"	0	0	0	0	0	0	0	1	0	0	0	0	37	0	0	0	0	0	0	0	0	0	0	0	0	0	0	0	0	0	0	245
"166"	1033	"1/5/2016 0:00:00"	"12/30/1899 13:32:00"	2	10	21.4	"NB-160"	"2"	"Ebbing"	""	8.5	11494	NA	82	8.99	9.9	33871	2.5	85	9.3	9.8	3489	2.6	86.6	9.56	8.7	9722	7.5	78.1	8.58	38	36	29.7	40.3	7.76	7.74	"Water quality data from YSI.  Sonde ran out of data space. Surface Tow. IN QC check Start Salinity (was 9.9 but that seems incorrect)"	"SLS"	0	0	0	0	0	0	0	4	0	0	0	0	1394	0	0	0	0	0	0	0	0	0	0	0	0	0	0	0	0	0	0	123
"167"	1042	"1/9/2016 0:00:00"	"12/30/1899 8:56:00"	1	10	11.6	"SB-510"	"2"	"Low"	""	10.6	14973	12.4	87.6	9.11	10.5	15031	12.4	87.9	9.14	10.6	14467	11.9	82	8.55	10.6	14546	12	81.8	8.5	30	25	64.7	59.7	NA	NA	"ALV1"	"Mysid"	0	0	0	0	0	0	0	1	0	0	0	0	1	0	0	0	0	0	0	0	0	0	0	0	0	0	0	0	0	0	0	145
"168"	1043	"1/9/2016 0:00:00"	"12/30/1899 10:35:00"	1	10	12.65	"SB-ALV3"	"2"	"Flooding"	""	10.5	27049	23.7	92.3	9	NA	NA	NA	NA	NA	NA	NA	NA	NA	NA	NA	NA	NA	NA	NA	20	NA	138	NA	NA	NA	""	"Mysid"	0	0	0	0	0	0	0	0	0	0	0	4	1	0	1	0	1	0	0	0	0	0	0	0	0	0	0	0	0	0	0	4
"169"	1044	"1/9/2016 0:00:00"	"12/30/1899 11:34:00"	1	10	19.6	"SB-LSB1"	"2"	"Flooding"	""	NA	NA	NA	NA	NA	NA	NA	NA	NA	NA	NA	NA	NA	NA	NA	NA	NA	NA	NA	NA	35	NA	76.9	NA	NA	NA	"No WQ data written"	"Mysid"	0	0	0	0	0	0	0	0	0	0	0	11	0	0	0	0	0	0	0	0	0	0	0	0	0	0	0	0	0	0	0	0
"170"	1045	"1/9/2016 0:00:00"	"12/30/1899 13:00:00"	1	10	NA	"SB-A21.4"	"2"	"Ebbing"	""	11.6	23747	19.9	86.6	8.48	NA	NA	NA	NA	NA	NA	NA	NA	NA	NA	NA	NA	NA	NA	NA	22	NA	105	NA	NA	NA	"WQ from YSI"	"Mysid"	0	0	0	0	0	0	0	2	0	0	0	0	0	0	0	0	0	0	0	1	0	0	0	0	0	0	0	1	0	0	0	2
"171"	1046	"1/9/2016 0:00:00"	"12/30/1899 14:44:00"	1	10	13.4	"SB-COY2"	"2"	"Ebbing"	""	11.5	20999	17.4	93.6	9.36	NA	NA	NA	NA	NA	NA	NA	NA	NA	NA	NA	NA	NA	NA	NA	25	NA	98.6	NA	NA	NA	"WQ with YSI"	"Mysid"	0	0	0	0	0	0	0	0	0	0	0	12	0	0	0	0	0	0	0	0	0	0	0	0	0	0	0	0	0	0	0	0
"172"	1047	"1/10/2016 0:00:00"	"12/30/1899 9:59:00"	1	10	10.2	"SB-ART2"	"2"	"Flooding"	""	13.6	12245	9.2	82.5	8.22	12.2	13702	10.6	82.2	8.27	NA	NA	NA	NA	NA	NA	NA	NA	NA	NA	35	NA	42.8	NA	NA	NA	"Lost CB cod end. No CB for rest of day."	"Mysid"	0	0	1	0	0	0	0	5	0	0	0	0	0	0	0	0	0	0	0	0	0	0	0	0	0	0	0	0	0	0	0	136
"173"	1048	"1/10/2016 0:00:00"	"12/30/1899 10:22:00"	1	10	13.4	"SB-430"	"2"	"Flooding"	""	12	16587	13.3	86.5	8.7	11.8	17010	19.8	86.2	8.69	NA	NA	NA	NA	NA	NA	NA	NA	NA	NA	30	NA	46.2	NA	NA	NA	""	"Mysid"	0	0	0	0	0	0	0	1	0	0	0	1	16	0	0	0	0	0	0	0	0	0	0	0	0	0	0	8	0	0	0	100
"174"	1049	"1/10/2016 0:00:00"	"12/30/1899 12:14:00"	1	10	13.2	"SB-COY1"	"2"	"Flooding"	""	21.1	16120	12.9	82.3	8.27	12.1	16110	12.9	82.3	8.27	NA	NA	NA	NA	NA	NA	NA	NA	NA	NA	30	NA	70.3	NA	NA	NA	"WQ from YSI"	"Mysid"	0	0	0	0	0	0	0	0	0	0	0	1	0	0	0	0	0	0	0	0	0	0	0	0	0	0	0	0	0	0	0	0
"175"	1050	"1/10/2016 0:00:00"	"12/30/1899 12:40:00"	1	10	9.8	"SB-A19.1"	"2"	"Flooding"	""	12.4	18628	14.9	94.3	9.28	11.2	22268	19.1	87.4	8.6	NA	NA	NA	NA	NA	NA	NA	NA	NA	NA	32	NA	31.2	NA	NA	NA	"WQ from YSI"	"Mysid"	0	0	0	0	0	0	0	0	0	0	0	3	0	0	0	0	1	0	0	0	0	0	0	0	0	0	0	0	0	0	0	0
"176"	1051	"1/10/2016 0:00:00"	"12/30/1899 15:40:00"	1	10	13.2	"SB-COY1"	"2"	"Ebbing"	""	11.9	20155	16.5	94.3	9.3	NA	NA	NA	NA	NA	NA	NA	NA	NA	NA	NA	NA	NA	NA	NA	32	NA	65	NA	NA	NA	"WQ from YSI"	"Mysid"	0	0	0	0	0	0	0	0	0	0	0	8	0	0	0	0	0	0	0	0	0	0	0	0	0	0	0	0	0	0	0	0
"177"	1052	"1/13/2016 0:00:00"	"12/30/1899 8:12:00"	1	10	9.7	"NB-710"	"3"	"Ebbing"	""	9.06	3379	1.78	83.4	9.52	9.12	6888	3.79	85.3	9.6	9.41	2147	1.1	86	9.78	9.07	5644	3.06	90	10.18	36	36	33.8	35.9	8.01	8.02	"Speed: 1.17.  Near Bascule Bridge"	"SLS"	0	0	0	0	0	0	0	0	0	0	0	0	253	0	0	0	0	0	0	0	0	0	0	0	0	0	0	0	0	0	0	1
"178"	1053	"1/13/2016 0:00:00"	"12/30/1899 8:30:00"	1	10	6.2	"NB-720"	"3"	"Ebbing"	""	9.24	2992	1.56	84.3	9.6	9.24	6824	3.75	94.4	10.59	9.39	2181	1.12	82.7	9.41	9.09	6154	3.36	91.6	10.34	27	36	35.9	39.1	8.02	7.93	"Near Bascule Bridge"	"SLS"	0	0	0	0	0	0	0	0	0	0	0	0	14	0	0	0	0	0	0	0	0	0	0	0	0	0	0	0	0	0	0	0
"179"	1054	"1/13/2016 0:00:00"	"12/30/1899 9:15:00"	1	10	8.3	"NB-730"	"3"	"Low"	""	9.22	3914	2.08	86.2	9.79	9.15	5983	3.26	95.3	10.75	9.18	3580	1.89	81.8	9.3	9.02	6107	3.33	87.2	9.86	27	27	44.3	44.3	7.86	7.86	""	"SLS"	0	0	0	0	0	0	0	0	0	0	0	0	14	0	0	0	0	0	0	0	0	0	0	0	0	0	0	0	0	0	0	0
"180"	1055	"1/13/2016 0:00:00"	"12/30/1899 9:29:00"	2	10	8.3	"NB-730"	"3"	"Low"	""	9.18	3580	1.89	81.8	9.3	9.02	6107	3.33	87.2	9.86	9.3	4214	2.25	84.1	9.52	9.24	5737	3.12	93.5	10.53	27	34	44.3	46.1	7.86	7.88	"Tide went slack during this sample so we towed opposite direction."	"SLS"	0	0	0	0	0	0	0	0	0	0	0	0	48	0	0	0	0	0	0	0	0	0	0	0	0	0	0	0	0	0	0	0
"181"	1056	"1/13/2016 0:00:00"	"12/30/1899 10:00:00"	1	10	12.2	"NB-750"	"3"	"Flooding"	""	9.15	6790	3.73	89	10.01	9.18	7769	4.31	90.5	10.14	9.24	7189	3.97	80.6	9.03	9.15	9545	5.37	90.4	10.06	36	36	48.2	45	7.9	7.9	"Trimble Track: PET_1_13_16V2.  Windy!  Towing sideways."	"SLS"	0	0	0	0	0	0	0	0	0	0	0	0	2	0	0	0	0	0	0	0	0	0	0	0	0	0	0	0	0	0	0	3
"182"	1057	"1/13/2016 0:00:00"	"12/30/1899 10:36:00"	1	10	14.1	"NB-770"	"3"	"Flooding"	""	9.91	5614	3.05	98.6	10.94	NA	NA	NA	NA	NA	NA	NA	NA	NA	NA	NA	NA	NA	NA	NA	36	20	48.2	111	7.9	7.97	"YSI: 3.9 ppt.  Sonde beginning to fail.  No WQ bottom data.  Windy!  Towing sideways."	"SLS"	0	0	0	0	0	0	0	0	0	0	0	0	0	0	0	0	0	0	0	0	0	0	0	0	0	0	0	0	0	0	0	1
"183"	1058	"1/13/2016 0:00:00"	"12/30/1899 11:08:00"	1	10	16.7	"NB-810"	"3"	"Flooding"	""	NA	NA	7.2	NA	NA	NA	NA	NA	NA	NA	NA	NA	7.8	NA	NA	NA	NA	NA	NA	NA	42	37	41.6	41.5	7.83	7.98	"No WQ.  Sonde fail. Windy."	"SLS"	0	0	0	0	0	0	0	0	0	0	0	0	2	0	0	0	0	0	0	0	0	0	0	0	0	0	0	0	0	0	0	4
"184"	1059	"1/13/2016 0:00:00"	"12/30/1899 11:24:00"	1	10	16.9	"NB-810"	"3"	"Flooding"	""	NA	NA	NA	NA	NA	NA	NA	NA	NA	NA	9.51	15765	9.22	84.8	9.13	9.38	16105	9.43	87.9	9.48	37	40	41.5	50.5	7.98	7.87	"Water grab at end. 8.3 ppt.  No WQ due to Sonde failure."	"SLS"	0	0	0	0	0	0	0	0	0	0	0	0	0	0	0	0	0	0	0	0	0	0	0	0	0	0	0	0	0	0	0	1
"185"	1060	"1/13/2016 0:00:00"	"12/30/1899 11:49:00"	1	10	16.2	"NB-840"	"3"	"Flooding"	""	9.37	20164	12.02	86.6	9.19	9.41	20141	12.01	94.4	10.01	9.41	21065	12.61	85.9	9.07	9.37	21073	12.61	88.1	9.32	33	38	72.5	57.6	7.88	7.93	""	"SLS"	0	0	0	0	0	0	0	0	0	0	0	0	225	0	0	0	0	0	0	0	0	0	0	0	0	0	0	0	0	0	0	6
"186"	1061	"1/13/2016 0:00:00"	"12/30/1899 12:06:00"	2	10	16.2	"NB-840"	"3"	"Flooding"	""	9.41	21065	12.61	85.9	9.07	9.37	21073	12.61	88.1	9.32	9.29	20086	11.97	86.9	9.24	9.33	21882	13.14	91.4	9.63	38	36	51.6	55.2	7.88	7.84	""	"SLS"	0	0	0	0	0	0	0	0	0	0	0	0	889	0	0	0	0	0	0	0	0	0	0	0	0	0	0	0	0	0	0	4
"187"	1062	"1/14/2016 0:00:00"	"12/30/1899 7:45:00"	1	10	7.3	"NB-520"	"3"	"Ebbing"	""	9.2	8642	4.83	101	11.26	9.17	8661	4.84	104.7	11.68	8.82	7367	4.07	99.4	11.24	8.78	7357	4.06	102.2	11.58	25	26	104	105	NA	7.31	"pH- the 1st reading was lost because the temperature was recorded instead"	"SLS"	0	0	0	0	0	0	0	0	0	0	0	0	2	0	0	0	0	2	0	0	0	0	0	0	0	0	4	0	0	0	0	4
"188"	1063	"1/14/2016 0:00:00"	"12/30/1899 8:14:00"	1	10	4.3	"NB-530"	"3"	"Ebbing"	""	9.13	8139	4.53	101.3	11.34	9.11	8128	4.52	102.2	11.45	8.96	7063	3.89	90.4	10.2	8.92	7330	4.05	101.8	11.48	13	23	108	90.2	7.5	7.51	"Hach NTU #1, Hach pH #2"	"SLS"	0	0	0	0	0	0	0	0	0	0	0	0	6	0	0	0	0	0	0	0	0	0	0	0	0	0	0	0	0	0	0	0
"189"	1064	"1/14/2016 0:00:00"	"12/30/1899 8:40:00"	1	10	5.3	"NB-550"	"3"	"Ebbing"	""	9.65	5828	3.17	102.3	11.41	9.63	5825	3.17	103	11.49	9.66	5615	3.05	95.4	10.65	9.5	5586	3.03	101.2	11.34	20	20	114	112	7.42	7.47	"YSI: 2.7"	"SLS"	0	0	0	0	0	0	0	0	0	0	0	0	18	0	0	0	0	0	0	0	0	0	0	0	0	0	15	0	0	0	0	11
"190"	1065	"1/14/2016 0:00:00"	"12/30/1899 9:02:00"	2	10	8.6	"NB-550"	"3"	"Ebbing"	""	9.66	5615	3.05	95.4	10.65	9.5	5586	3.03	101.2	11.34	9.58	5509	2.99	101.3	11.33	9.56	5507	2.99	101.8	11.39	23	17	127	132	7.47	7.58	""	"SLS"	0	0	0	0	0	0	0	0	0	0	0	0	55	0	0	0	0	0	0	0	0	0	0	0	0	0	4	0	0	0	0	23
"191"	1066	"1/14/2016 0:00:00"	"12/30/1899 10:15:00"	1	10	4.3	"NB-1017"	"3"	"Ebbing"	""	8.25	16671	9.77	99.6	11	8.21	16667	9.76	100.1	11.07	8.4	15857	9.26	93.6	10.34	8.34	15935	9.3	97.4	10.77	15	15	196	179	7.54	7.57	"After Sonoma Creek Bridge= 3.5 feet water with tide @1.7 feet.  Samples labeled \"SON Delta\""	"SLS"	0	0	0	0	0	0	0	0	0	0	0	0	115	0	0	0	0	0	0	0	0	0	0	0	0	0	0	0	0	0	0	18
"192"	1067	"1/14/2016 0:00:00"	"12/30/1899 10:31:00"	2	10	3.9	"NB-1013"	"3"	"Ebbing"	""	8.4	15857	9.26	93.6	10.34	8.34	15935	9.3	97.4	10.77	8.63	14498	8.41	93.6	10.34	8.23	15436	8.99	99.4	11.04	25	26	179	83.5	7.57	5.47	""	"SLS"	0	0	0	0	0	0	0	0	0	0	0	0	4	0	0	0	0	0	0	0	0	0	0	0	0	0	0	0	0	0	0	1
"193"	1068	"1/15/2016 0:00:00"	"12/30/1899 10:53:00"	1	10	NA	"NB-300"	"3"	"Ebbing"	""	10.5	14212	11.7	85	9	10.6	14227	12.2	85.6	8.66	10.6	13865	11.4	84.4	8.82	10.5	14498	12	84.4	8.68	48	NA	29.8	36	NA	NA	"Sonde wouldn't connect to Trimble.  WQ data from YSI"	"SLS"	0	0	0	0	0	0	0	0	0	0	0	0	110	0	0	0	0	0	0	0	0	0	0	0	0	0	0	0	0	0	0	229
"194"	1069	"1/15/2016 0:00:00"	"12/30/1899 11:09:00"	2	10	25	"NB-300"	"3"	"Ebbing"	""	10.6	13865	11.4	84.4	8.82	10.5	14498	12	82.3	8.68	10.6	1362	11.2	88.6	8.48	10.5	14421	11.9	81.6	8.48	31	34	36	37.4	NA	NA	"Sonde wouldn't connect to Trimble.  WQ data from YSI. pH Meter broken."	"SLS"	0	0	0	0	0	0	0	0	0	0	0	0	2	0	0	0	0	0	0	0	0	0	0	0	0	0	0	0	0	0	0	4
"195"	1070	"1/15/2016 0:00:00"	"12/30/1899 11:30:00"	1	10	11.7	"NB-280"	"3"	"Ebbing"	""	10.8	10466	8.6	72.5	7.67	10.5	12323	10	77.4	8.15	11	9613	7.6	79.5	6.35	10.6	12002	9.7	77.2	8.01	42	44	33	27.7	NA	NA	"Sonde wouldn't connect to Trimble.  WQ data from YSI. pH Meter broken."	"SLS"	0	0	0	0	0	0	0	0	0	0	0	0	0	0	0	0	0	0	0	0	0	0	0	0	0	0	0	0	0	0	0	52
"196"	1071	"1/15/2016 0:00:00"	"12/30/1899 11:49:00"	2	10	13	"NB-280"	"3"	"Ebbing"	""	11	9613	7.6	79.5	6.35	10.6	12002	9.7	77.2	8.01	11	9306	9.4	77.7	8	10.7	11688	9.4	77.7	8	44	39	27.7	30.8	NA	NA	"Sonde wouldn't connect to Trimble.  WQ data from YSI. pH Meter broken."	"SLS"	0	0	0	0	0	0	0	0	0	0	0	1	226	0	0	0	0	0	0	0	0	0	0	0	0	0	0	0	0	0	0	128
"197"	1072	"1/15/2016 0:00:00"	"12/30/1899 12:39:00"	1	10	14	"NB-170"	"3"	"Low"	""	11	564	0.4	68.2	9.46	11	611	0.4	68.2	9.29	11	421.4	0.3	88.1	9.72	10.8	660	0.4	84.51	9.29	39	36	31.6	35.4	NA	NA	"Sonde wouldn't connect to Trimble.  WQ data from YSI. pH Meter broken."	"SLS"	0	0	0	0	0	0	0	0	0	0	0	0	0	0	0	0	0	0	0	0	0	0	0	0	0	0	0	0	0	0	0	1
"198"	1073	"1/15/2016 0:00:00"	"12/30/1899 12:52:00"	2	10	13.4	"NB-170"	"3"	"High"	""	11	421.4	0.3	88.1	9.72	10.8	660	0.4	84.5	9.29	11	624	0.4	83	9.1	11	658	0.4	84.1	9.28	36	39	35.4	33.7	NA	NA	"Sonde wouldn't connect to Trimble.  WQ data from YSI. pH Meter broken."	"SLS"	0	0	0	0	0	0	0	0	0	0	0	0	0	0	0	0	0	0	0	0	0	0	0	0	0	0	0	0	0	0	0	14
"199"	1074	"1/15/2016 0:00:00"	"12/30/1899 13:27:00"	1	10	16	"NB-210"	"3"	"Flooding"	""	11.2	1610	1.1	88.5	9.8	10.7	4640	3	81.5	9	11.7	2400	1.7	84.9	8.98	10.8	4443	3.3	75.5	8.05	45	44	25	25.2	NA	NA	"Sonde wouldn't connect to Trimble.  WQ data from YSI. pH Meter broken."	"SLS"	0	0	0	0	0	0	0	0	0	0	0	0	362	0	0	0	0	0	0	0	0	0	0	0	0	0	0	0	0	0	0	627
"200"	1075	"1/15/2016 0:00:00"	"12/30/1899 13:41:00"	2	10	21	"NB-210"	"3"	"Flooding"	""	11.2	1610	1.1	88.5	9.8	10.7	4640	3	81.5	9	11.3	2730	2	78.2	8.5	10.8	4283	3.2	70.1	7.59	44	42	25.2	26.5	NA	NA	""	"SLS"	0	0	0	0	0	0	0	0	0	0	0	0	24	0	0	0	0	0	0	0	0	0	0	0	0	0	0	0	0	0	0	8
"201"	1076	"1/15/2016 0:00:00"	"12/30/1899 14:11:00"	1	10	19.1	"NB-240"	"3"	"Flooding"	""	11.3	5591	4.2	81	8.61	11	9543	7.5	76	7.91	11.2	6772	5.2	73.2	7.8	10.9	9898	7.8	76	7.92	36	36	31.5	28.3	NA	NA	"Sonde wouldn't connect to Trimble.  WQ data from YSI. pH Meter broken."	"SLS"	0	0	0	0	0	0	0	0	0	0	0	0	22	0	0	0	0	0	0	0	0	0	0	0	0	0	0	0	0	0	0	72
"202"	1077	"1/15/2016 0:00:00"	"12/30/1899 14:27:00"	2	10	20	"NB-240"	"3"	"Flooding"	""	11.2	6772	5.2	73.2	76	10.9	9898	7.8	73.2	7.8	11.6	7276	5.5	98.7	7.22	11.2	10199	8	68.7	7.22	36	34	28.3	31.1	NA	NA	"Sonde wouldn't connect to Trimble.  WQ data from YSI. pH Meter broken."	"SLS"	0	0	0	0	0	0	0	0	0	0	0	0	0	0	0	0	0	0	0	0	0	0	0	0	0	0	0	0	0	0	0	2
"203"	1078	"1/21/2016 0:00:00"	"12/30/1899 7:50:00"	1	10	5.8	"NB-273"	"Bittern Pond"	"Flooding"	""	12.43	5479	2.98	76.2	7.98	12.2	7195	3.98	77.3	8.09	12.41	3046	1.6	82.4	8.71	12.15	5418	2.94	83.3	8.79	19	18	82.7	87	NA	NA	"Only 1 flow meter, no meter on CB"	"SLS"	0	0	0	0	0	0	0	0	0	0	0	0	52	0	0	0	4	0	0	0	0	0	0	0	0	0	0	0	0	0	0	516
"204"	1079	"1/21/2016 0:00:00"	"12/30/1899 8:05:00"	2	10	6.4	"NB-273"	"Bittern Pond"	"Flooding"	""	12.41	3046	1.6	82.4	8.71	12.15	5418	2.94	83.3	8.79	12.66	3538	1.87	79.8	8.38	12.75	10054	5.7	82.6	8.45	17	18	87	91.6	NA	NA	"pH Meter broken."	"SLS"	4	0	0	0	0	0	0	0	0	2	0	0	0	0	0	0	0	0	0	0	0	0	0	0	0	0	0	0	0	0	0	48
"205"	1080	"1/21/2016 0:00:00"	"12/30/1899 8:30:00"	1	10	9	"NB-271"	"Bittern Pond"	"Flooding"	""	12.55	5860	3.2	79.4	8.29	12.52	7285	4.03	80.1	8.32	12.59	9636	5.44	82.7	8.51	12.58	9719	5.49	84.6	8.7	24	20	99.1	118	NA	NA	"pH Meter broken."	"SLS"	0	0	0	0	0	0	0	0	0	0	0	0	104	0	0	0	0	0	0	0	0	0	0	0	0	0	0	0	0	0	0	324
"206"	1081	"1/21/2016 0:00:00"	"12/30/1899 8:50:00"	2	10	7.2	"NB-271"	"Bittern Pond"	"Flooding"	""	12.57	6561	3.61	82.8	8.61	12.51	7972	4.44	83.6	8.67	12.58	8423	4.71	78.4	8.1	12.49	9746	5.51	78.4	8.07	16	18	88.1	90.4	NA	NA	"pH Meter broken."	"SLS"	0	0	0	0	0	0	0	0	0	0	0	0	44	0	0	0	0	0	0	0	0	0	0	0	1	0	0	0	0	0	0	256
"207"	1082	"1/21/2016 0:00:00"	"12/30/1899 10:25:00"	1	10	10.5	"NB-289"	"Bittern Pond"	"Flooding"	""	12.52	7585	4.21	91.3	9.47	12.59	8362	4.67	93.1	9.62	12.56	8130	4.54	91.4	9.45	12.25	8167	4.56	93.6	9.75	18	19	102	88.1	NA	NA	"pH Meter broken."	"SLS"	0	0	0	0	0	0	0	4	0	0	0	0	244	0	0	0	0	0	0	0	0	0	0	0	0	0	0	0	0	0	0	440
"208"	1083	"1/21/2016 0:00:00"	"12/30/1899 10:41:00"	2	10	10.6	"NB-289"	"Bittern Pond"	"Flooding"	""	12.56	8130	4.54	91.4	9.45	12.25	8167	4.56	93.6	9.75	12.59	9159	5.15	91.4	9.41	12.45	9249	5.21	93.5	9.65	19	18	88.1	103	NA	NA	"pH Meter broken."	"SLS"	0	0	0	0	0	0	0	0	0	0	0	0	84	0	0	0	0	0	0	0	0	0	0	0	0	0	0	0	0	0	0	188
"209"	1084	"1/21/2016 0:00:00"	"12/30/1899 11:06:00"	1	10	21	"NB-283"	"Bittern Pond"	"Flooding"	""	12.51	11410	6.52	88.3	9.03	12.48	12938	7.47	90.4	9.19	12.51	12860	7.42	78.2	7.95	12.62	13315	7.7	77.8	7.88	34	36	47.3	42.4	NA	NA	"pH Meter broken."	"SLS"	0	0	0	0	0	0	0	0	0	0	0	0	48	0	0	0	0	0	0	0	0	0	0	0	0	0	0	0	0	0	0	252
"210"	1085	"1/21/2016 0:00:00"	"12/30/1899 11:23:00"	2	10	23.2	"NB-283"	"Bittern Pond"	"Flooding"	""	12.51	12860	7.42	78.2	7.95	12.62	13315	7.7	77.8	7.88	12.66	13559	7.86	89.3	9.03	12.45	14211	8.26	91.5	9.27	36	35	42.4	34.3	NA	NA	"pH Meter broken."	"SLS"	0	0	0	0	0	0	0	0	0	0	0	0	32	0	0	0	0	0	0	0	0	0	0	0	0	0	0	0	0	0	0	248
"211"	1086	"1/21/2016 0:00:00"	"12/30/1899 13:52:00"	1	10	17.5	"NB-370"	"Bittern Pond"	"Flooding"	""	NA	NA	NA	NA	NA	NA	NA	NA	NA	NA	NA	NA	NA	NA	NA	NA	NA	NA	NA	NA	31	22	72.1	80.2	NA	NA	"pH Meter broken.  No WQ.  Sonde did not record this time period.  Likely out of space."	"SLS"	0	0	0	0	0	0	0	0	0	0	0	0	32	0	0	0	0	0	0	0	0	0	0	0	0	0	0	0	0	0	0	344
"212"	1087	"1/23/2016 0:00:00"	"12/30/1899 8:20:00"	1	10	5.1	"SB-120"	"3"	"Low"	""	13.8	931	0.6	69.8	7.26	NA	NA	NA	NA	NA	14	1138	0.7	73.4	76	14	1140	0.7	72.1	7.47	12	13	267	182	NA	NA	"WQ from YSI"	"SLS"	0	0	0	0	0	0	0	6	0	0	0	0	52	0	0	0	39	0	0	0	0	0	0	0	0	0	0	0	0	0	0	450
"213"	1088	"1/23/2016 0:00:00"	"12/30/1899 8:42:00"	2	10	9.1	"SB-120"	"3"	"Low"	""	14.1	335.6	0.2	82.3	8.53	13.8	1281	0.8	73.6	7.64	14	1090	0.7	72.7	7.54	14	109	0.7	74.2	7.69	15	13	194	240	NA	NA	"WQ from YSI"	"SLS"	0	0	0	0	0	0	0	7	0	0	0	0	5	0	0	0	19	0	0	0	0	0	0	0	0	0	0	0	0	0	0	235
"214"	1089	"1/23/2016 0:00:00"	"12/30/1899 9:29:00"	1	10	6.9	"SB-130"	"3"	"Flooding"	""	14.3	2070	1.4	74.5	7.6	14.3	7205	5.1	70.6	7.08	14.5	5539	3.8	74.6	7.5	14.6	9312	6.6	69.2	6.81	16	20	133	67.5	NA	NA	"WQ with YSI"	"SLS"	0	0	0	0	0	0	0	34	0	0	0	2	114	0	0	0	8	0	0	0	0	0	0	0	0	0	0	0	0	0	0	2089
"215"	1090	"1/23/2016 0:00:00"	"12/30/1899 9:50:00"	2	10	8.7	"SB-130"	"3"	"Flooding"	""	14.4	4278	2.9	75.4	7.64	14.7	9105	6.5	75.4	7.42	14.6	9312	6.6	69.2	6.81	14.7	10108	7.3	70.7	6.93	13	23	133	61.4	NA	NA	"WQ from YSI. Surface tow for 1-3 ppts"	"SLS"	0	0	0	0	0	0	0	12	0	0	0	1	1280	0	0	0	3	0	0	0	0	0	0	0	0	0	0	0	0	0	0	1540
"216"	1091	"1/23/2016 0:00:00"	"12/30/1899 10:05:00"	3	10	13.9	"SB-130"	"3"	"Flooding"	""	14.7	9105	6.5	75.4	7.42	14.7	10108	7.3	70.7	6.93	14.7	11143	8	72.6	7.09	14.6	11414	8.3	72.6	7.09	23	24	61.4	69.3	NA	NA	"WQ with YSI"	"SLS"	0	0	0	0	0	0	0	34	0	0	0	1	303	0	0	0	1	0	0	0	0	0	0	0	0	0	0	0	0	0	0	3846
"217"	1092	"1/23/2016 0:00:00"	"12/30/1899 10:22:00"	4	10	14.4	"SB-130"	"3"	"Flooding"	""	14.6	11013	8	72.6	7.09	14.6	11414	8.3	72.2	7.09	14.5	12885	9.5	76.2	7.4	14.4	13348	9.9	74	7.19	24	20	69.3	77	NA	NA	"WQ with YSI"	"SLS"	0	0	0	0	0	0	0	27	0	0	0	0	312	0	0	0	3	0	0	0	0	0	0	0	0	0	0	0	0	0	0	3153
"218"	1093	"1/23/2016 0:00:00"	"12/30/1899 10:38:00"	5	10	13.1	"SB-130"	"3"	"Flooding"	""	14.5	12885	9.5	72.6	7.09	14.4	13348	9.9	74.2	7.19	14.3	15005	11.6	78.7	7.58	14.2	16086	12.2	75.9	7.31	20	19	77	77	NA	NA	"WQ from YSI"	"SLS"	0	0	0	0	0	0	0	5	0	0	0	2	18	0	0	0	0	0	0	0	0	0	0	0	0	0	0	0	0	0	0	900
"219"	1094	"1/23/2016 0:00:00"	"12/30/1899 11:01:00"	1	10	15.4	"SB-140"	"3"	"Flooding"	""	14.2	16968	12.9	81.1	7.77	14.1	17683	13.5	78.8	7.55	14.1	18756	18756	80.2	7.62	14	19141	14.8	80.1	7.61	30	27	24.8	124	NA	NA	"WQ with YSI"	"SLS"	0	0	0	0	0	0	0	1	0	0	0	20	101	0	0	0	3	0	0	0	0	0	0	0	0	0	0	0	0	0	0	1271
"220"	1095	"1/23/2016 0:00:00"	"12/30/1899 13:52:00"	1	10	11.9	"SB-410"	"3"	"Ebbing"	""	18.6	4879	3	81.8	7.59	14	121767	16.5	75.5	7.1	19.7	3792	2.3	72.5	6.61	14.2	17393	13.2	76.6	7.31	80	NA	16.2	6.4	NA	NA	"WQ with YSI.  ART-1"	"SLS"	1	0	0	0	0	0	0	1	0	0	0	0	1092	0	0	0	0	0	0	0	0	0	0	0	0	0	0	0	1	0	0	1312
"221"	1096	"1/27/2016 0:00:00"	"12/30/1899 8:33:00"	1	10	7.6	"NB-720"	"4"	"Low"	""	12.02	909	0.45	97.7	10.49	11.97	917	0.45	100.9	10.85	11.83	1039	0.52	95.6	10.31	11.73	1105	0.55	99.2	10.72	20	22	56.5	86.8	NA	NA	""	"SLS"	0	0	0	0	0	0	0	0	0	0	0	0	0	0	0	0	23	0	0	1	0	0	0	0	0	0	0	0	0	0	0	339
"222"	1097	"1/27/2016 0:00:00"	"12/30/1899 8:58:00"	1	10	8.35	"NB-740"	"4"	"Low"	""	11.99	1204	0.6	93.2	10.01	11.96	1560	0.79	98.5	10.58	11.87	1275	0.64	93.8	10.1	11.82	1276	0.64	98.9	10.66	20	19	89.5	106	NA	NA	""	"SLS"	0	0	0	0	0	0	0	0	0	0	0	0	0	0	0	0	8	0	0	0	0	0	0	0	0	0	0	0	0	0	0	133
"223"	1098	"1/27/2016 0:00:00"	"12/30/1899 9:42:00"	1	10	17.1	"NB-810"	"4"	"Low"	""	12.15	2851	1.49	87.6	9.32	12.14	2885	1.51	97	10.32	12.23	3000	1.57	91.4	9.7	12.19	3025	1.59	97.6	10.37	22	19	79.6	82.3	NA	NA	""	"SLS"	0	0	0	0	0	0	0	0	0	0	0	0	3	0	0	0	1	1	0	0	0	0	0	0	0	0	0	0	0	0	0	97
"224"	1099	"1/27/2016 0:00:00"	"12/30/1899 10:04:00"	1	10	12.2	"NB-820"	"4"	"Flooding"	""	12.24	2998	1.57	92.4	9.8	12.19	3377	1.78	96.7	10.26	12.27	3388	1.79	91.7	9.71	12.26	3631	1.92	96.2	10.19	24	20	76.7	84.5	NA	NA	""	"SLS"	0	0	0	0	0	0	0	0	0	0	0	0	26	0	0	0	0	0	0	0	0	0	0	0	0	0	0	0	0	0	0	143
"225"	1100	"1/27/2016 0:00:00"	"12/30/1899 10:21:00"	1	10	13.45	"NB-830"	"4"	"Flooding"	""	12.27	3388	1.79	91.7	9.71	12.26	3631	1.92	96.2	10.19	NA	NA	NA	NA	NA	NA	NA	NA	NA	NA	20	18	84.5	85.9	NA	NA	""	"SLS"	0	0	0	0	0	0	0	0	0	0	0	0	10	0	0	0	1	0	0	0	0	0	0	0	0	0	0	0	0	0	0	169
"226"	1101	"1/27/2016 0:00:00"	"12/30/1899 10:50:00"	1	10	18.1	"NB-860"	"4"	"Flooding"	""	12.45	7029	3.88	91.2	9.5	12.4	8315	4.65	97.6	10.13	12.57	6666	3.67	93	9.67	12.54	9067	5.1	97.5	10.06	25	21	90.1	81.7	NA	NA	""	"SLS"	0	0	0	0	0	0	0	0	0	0	0	0	395	0	0	0	1	0	0	0	0	0	0	0	0	0	0	0	0	0	0	109
"227"	1102	"1/27/2016 0:00:00"	"12/30/1899 10:59:00"	2	10	21.75	"NB-860"	"4"	"Flooding"	""	12.57	6666	3.67	93	9.67	12.54	9067	5.1	97.5	10.06	12.55	7616	4.23	89.5	9.28	12.44	10072	5.71	95.5	9.83	21	22	81.7	76.7	NA	NA	"Checked bottom w/ van dorn 5.3 ppt"	"SLS"	0	0	0	0	0	0	0	0	0	0	0	0	0	0	0	0	0	0	0	0	0	1	0	0	0	0	0	0	0	0	0	19
"228"	1103	"1/27/2016 0:00:00"	"12/30/1899 11:26:00"	3	10	30.3	"NB-860"	"4"	"Flooding"	""	12.55	7616	4.23	89.5	9.28	12.44	10072	5.71	95.5	9.83	NA	NA	NA	NA	NA	NA	NA	NA	NA	NA	22	20	76.7	69.1	NA	NA	"3rd Rep in 860 & Sal Zone 2 due to high depth & fish count on previous tow (5.33 ppt at bottom 30 feet)"	"SLS"	0	0	0	0	0	0	0	0	0	0	0	0	0	0	0	0	0	0	0	0	0	0	0	0	0	0	0	0	0	0	0	1
"229"	1104	"1/27/2016 0:00:00"	"12/30/1899 11:55:00"	1	10	16.67	"NB-890"	"4"	"Flooding"	""	12.31	12479	7.18	94.2	9.64	12.01	15106	8.82	96.5	9.84	11.99	14832	8.65	92.3	9.42	11.99	14990	8.75	95.4	9.73	31	30	46.1	43.2	NA	NA	"YSI: 6.3 top, 7.8 bottom"	"SLS"	0	0	0	0	0	0	0	0	0	0	0	0	219	0	0	0	0	0	0	0	0	0	0	0	0	0	0	0	0	0	0	60
"230"	1105	"1/27/2016 0:00:00"	"12/30/1899 12:12:00"	1	10	18.1	"NB-900"	"4"	"Flooding"	""	11.99	14832	8.65	92.3	9.42	11.99	14990	8.75	95.4	9.73	12.26	15222	8.9	90.6	9.18	12.12	15325	8.96	94.7	9.62	30	25	43.2	52.7	NA	NA	"YSI: Top Start 7.6, Top End 8.2"	"SLS"	0	0	0	0	0	0	0	0	0	0	0	0	223	0	0	0	0	0	0	0	0	0	0	0	0	0	0	0	0	0	0	16
"231"	1106	"1/27/2016 0:00:00"	"12/30/1899 12:48:00"	1	10	15.3	"NB-930"	"4"	"Flooding"	""	11.79	18223	10.81	93.2	9.43	11.71	20600	12.34	95.8	9.62	NA	NA	NA	NA	NA	NA	NA	NA	NA	NA	31	28	64.9	71.7	NA	NA	"YSI: ppt Top Start 10, bottom 10.8.  End 11.1"	"SLS"	0	0	0	0	0	0	0	0	0	0	0	0	335	0	0	0	1	0	0	0	0	0	0	0	0	0	0	0	0	0	0	4
"232"	1107	"1/27/2016 0:00:00"	"12/30/1899 13:03:00"	2	10	15.05	"NB-930"	"4"	"Flooding"	""	11.79	18223	10.81	93.2	9.43	11.71	20600	12.34	95.8	9.62	12.11	21371	12.85	94.9	9.41	11.9	21614	13.01	97.1	9.66	28	30	71.7	62.4	NA	NA	"Hydrolics jam, 2 min extra at start"	"SLS"	0	0	0	0	0	0	0	0	0	0	0	1	0	0	0	0	0	0	0	0	0	0	0	0	0	0	0	0	0	0	0	0
"233"	1108	"1/28/2016 0:00:00"	"12/30/1899 7:45:00"	1	10	18.25	"NB-180"	"4"	"Ebbing"	""	NA	NA	0.4	NA	NA	NA	NA	NA	NA	NA	12.16	637	0.31	96.3	10.32	12.14	628	0.31	99.8	10.7	56	52	28.6	22.5	NA	NA	"Sonde fail on start drop.  .4 ppt from YSI"	"SLS"	0	0	0	0	0	0	0	0	0	0	0	0	1	0	0	0	28	0	0	0	0	0	0	0	0	0	0	0	0	0	0	297
"234"	1109	"1/28/2016 0:00:00"	"12/30/1899 8:02:00"	2	10	16.57	"NB-180"	"4"	"Ebbing"	""	12.16	637	0.31	96.3	10.32	12.14	628	0.31	99.8	10.7	12.12	563	0.27	95.8	10.28	12.05	580	0.28	99	10.64	52	73	22.5	18.7	NA	NA	""	"SLS"	0	0	0	0	0	0	0	0	0	0	0	0	0	0	0	0	32	0	0	0	0	0	0	0	0	0	0	0	0	0	0	56
"235"	1110	"1/28/2016 0:00:00"	"12/30/1899 8:19:00"	1	10	17.37	"NB-170"	"4"	"Ebbing"	""	12.12	563	0.27	95.8	10.28	12.05	580	0.28	99	10.64	12.11	501	0.24	95.4	10.24	12.09	496	0.24	99.5	10.69	73	75	18.7	17.6	NA	NA	""	"SLS"	0	0	0	0	0	0	0	0	0	0	0	0	0	0	0	0	209	0	0	0	0	0	0	0	0	0	0	0	0	0	0	304
"236"	1111	"1/28/2016 0:00:00"	"12/30/1899 8:50:00"	1	10	20	"NB-230"	"4"	"Ebbing"	""	12.16	2727	1.42	92.7	9.87	NA	NA	NA	NA	NA	12.12	1978	1.01	95.6	10.21	12.01	2371	1.23	98.4	10.53	43	34	44.8	47.1	NA	NA	""	"SLS"	0	0	0	0	0	0	0	0	0	0	0	0	26	0	0	0	8	0	0	0	0	0	0	0	0	0	0	0	0	0	0	143
"237"	1112	"1/28/2016 0:00:00"	"12/30/1899 9:54:00"	1	10	19.05	"NB-260"	"4"	"Ebbing"	""	NA	NA	2.3	NA	NA	NA	NA	NA	NA	NA	12.13	4167	2.23	89.7	9.5	12.01	5512	3	97.7	10.33	37	34	47	55.1	NA	NA	"YSI for top Salinity"	"SLS"	0	0	0	0	0	0	0	0	0	0	0	0	388	0	0	0	2	0	0	0	0	0	0	0	0	0	0	0	0	0	0	180
"238"	1113	"1/28/2016 0:00:00"	"12/30/1899 10:08:00"	1	10	21.8	"NB-250"	"4"	"Ebbing"	""	12.13	4167	2.23	89.7	9.5	12.01	5512	3	97.7	10.33	12.14	3851	2.05	89.7	9.51	12.07	4501	2.42	96.1	10.19	34	35	55.1	50.4	NA	NA	"YSI Salinity:  1.9 ppt/1.8"	"SLS"	0	0	0	0	0	0	0	0	1	0	0	1	1080	0	0	0	12	0	0	0	0	0	0	0	0	0	0	0	0	0	0	433
"239"	1114	"1/28/2016 0:00:00"	"12/30/1899 10:49:00"	1	10	14.53	"NB-310"	"4"	"Low"	""	11.93	8107	4.52	91.2	9.57	11.84	8416	4.7	96.5	10.13	11.93	8222	4.59	91.4	9.59	12.22	8272	4.62	95.6	9.96	31	34	50.8	42.7	NA	NA	""	"SLS"	0	0	0	0	0	0	0	0	0	0	0	0	452	0	0	0	0	0	0	0	0	0	0	0	0	0	1	0	0	0	0	247
"240"	1115	"1/28/2016 0:00:00"	"12/30/1899 11:06:00"	2	10	11.7	"NB-310"	"4"	"Low"	""	11.93	8222	4.59	91.4	9.59	12.22	8272	4.62	95.6	9.96	12.03	7867	4.38	92.6	9.7	11.82	8358	4.67	96.7	10.16	34	35	42.7	46	NA	NA	"4.1 ppt start and end"	"SLS"	0	0	0	0	0	0	0	0	0	0	0	0	2730	0	0	0	0	0	0	0	0	0	0	0	0	0	0	0	0	0	0	132
"241"	1116	"1/28/2016 0:00:00"	"12/30/1899 11:59:00"	1	10	7.7	"NB-1119"	"4"	"Flooding"	""	NA	NA	10.4	NA	NA	NA	NA	NA	NA	NA	12.01	16689	9.83	96.4	9.77	11.64	23929	14.52	97.4	9.66	81	74	19.2	16.7	NA	NA	"YSI ppt 10.4/9.8.  Near rock wall- tow away from it towards bay"	"SLS"	0	0	0	0	0	0	0	0	1	0	0	0	2919	0	0	0	0	0	0	0	0	0	0	0	0	0	0	0	0	0	0	2
"242"	1117	"1/28/2016 0:00:00"	"12/30/1899 12:15:00"	1	10	7.2	"NB-1118"	"4"	"Flooding"	""	12.01	16689	9.83	96.4	9.77	11.64	23929	14.52	97.4	9.66	12.11	19656	11.73	95.7	9.56	11.69	20946	12.57	97.2	9.74	74	80	16.7	12.1	NA	NA	""	"SLS"	0	0	0	0	0	0	0	0	0	0	0	0	5638	0	0	0	3	0	0	0	0	0	0	0	0	0	0	0	0	0	0	0
"243"	1118	"1/28/2016 0:00:00"	"12/30/1899 12:36:00"	2	10	5.45	"NB-1119"	"4"	"Flooding"	""	11.8	16098	9.45	96.1	9.81	11.31	20145	12.04	96.8	9.83	12.1	19492	11.63	95.6	9.55	11.77	21056	12.64	97.4	9.75	88	72	11.4	12.3	NA	NA	"Followed debris line behind rock wall.  Tow along wall outwards."	"SLS"	0	0	0	0	0	0	0	0	0	0	0	0	1943	0	0	0	2	0	0	0	0	0	0	0	0	0	0	0	0	0	0	0
"244"	1119	"1/28/2016 0:00:00"	"12/30/1899 12:57:00"	3	10	5	"NB-1119"	"4"	"Flooding"	""	11.75	14617	8.51	96.2	9.88	11.64	19049	11.34	97	9.81	11.78	11645	6.67	91	9.45	12.17	32792	20.5	94.6	8.93	79	75	11.6	19.6	NA	NA	"Followed debris line behind rock wall. Tow along wall outwards.  End depth into channel at 70.1 feet.  Sonde at that depth.  4 foot clearance on the boat at Mare Island Bridge with +3.9 foot tide on Humminbird."	"SLS"	0	0	0	0	0	0	0	0	0	0	0	0	2160	0	0	0	1	0	0	0	0	0	0	0	0	0	0	0	0	0	0	0
"245"	1120	"2/2/2016 0:00:00"	"12/30/1899 7:03:00"	1	10	12.1	"NB-1170"	"5"	"Flooding"	""	11.18	14780	8.61	98.1	10.2	11.27	20703	12.4	99.4	10.07	11.33	16530	9.72	98.6	10.14	11.33	20270	12.12	99.5	10.08	68	50	36.7	26.9	NA	NA	""	"SLS"	0	0	0	0	0	0	0	0	0	0	0	0	363	0	0	0	0	0	0	0	0	0	0	0	0	0	0	0	0	0	0	23
"246"	1121	"2/2/2016 0:00:00"	"12/30/1899 7:33:00"	1	10	22.4	"NB-1167"	"5"	"High"	""	11.26	16820	9.9	96.8	9.97	12.04	36905	23.34	101.5	9.44	10.86	17923	10.6	93.4	9.66	12.59	39888	25.44	99.8	9.05	67	80	14.2	12.9	NA	NA	"Choppy on the bay."	"SLS"	0	0	0	0	0	0	0	0	0	0	0	0	547	0	0	0	0	0	0	0	0	0	0	0	0	0	0	1	0	0	0	81
"247"	1122	"2/2/2016 0:00:00"	"12/30/1899 9:00:00"	1	10	21	"NB-1147"	"5"	"Ebbing"	""	11.18	24577	14.94	96.2	9.61	12.19	40633	25.96	98.7	9	11.2	25720	15.7	96.3	9.57	12.61	42114	27.02	99.3	8.92	94	105	10.5	8.76	NA	NA	""	"SLS"	0	0	0	0	0	0	0	0	0	0	0	0	356	0	0	0	0	0	0	0	0	0	0	0	0	0	0	0	0	0	0	25
"248"	1123	"2/2/2016 0:00:00"	"12/30/1899 9:36:00"	1	10	NA	"NB-1133"	"5"	"Ebbing"	""	11.1	16951	9.99	95.6	9.88	12.65	41219	26.38	99.1	8.92	10.99	19313	11.5	95.1	9.76	12.35	41556	26.61	98.9	8.95	75	84	15.1	13.8	NA	NA	""	"SLS"	0	0	0	0	0	0	0	0	0	0	0	0	6	0	0	0	0	0	0	0	0	0	0	0	0	0	0	0	0	0	0	0
"249"	1124	"2/2/2016 0:00:00"	"12/30/1899 10:00:00"	1	10	21	"NB-1134"	"5"	"Ebbing"	""	10.96	10271	5.82	95.8	10.19	12.55	40188	25.65	100.5	9.11	10.96	10810	6.15	96.2	10.22	12.42	40019	25.53	99.8	9.08	64	68	25.2	24.4	NA	NA	""	"SLS"	0	0	0	0	0	0	0	0	0	0	0	0	1636	0	0	0	1	0	0	0	0	0	0	0	0	0	0	0	0	0	0	13
"250"	1125	"2/2/2016 0:00:00"	"12/30/1899 10:35:00"	2	10	6.4	"NB-1134"	"5"	"Ebbing"	""	10.1	18556	11	97.3	10.22	9.82	19139	11.37	96.3	10.15	10.66	16999	10.01	98	10.22	10.47	25229	15.36	97.5	9.87	54	40	32.5	28.6	NA	NA	""	"SLS"	0	0	0	0	0	0	0	0	0	0	0	1	17624	0	0	0	5	0	0	0	0	0	0	0	0	0	0	0	0	0	0	25
